100
100
100
4804 8809 9092 7074 1567 7870 7955 9885 262 3808 5723 1945 3281 7028 541 2863 2797 2945 1361 7394 8855 9741 3484 7034 8171 3872 4990 3238 5526 2597 511 6951 8867 3657 5451 3792 211 9676 3347 8803 7363 1139 9413 2499 3624 7738 7750 4489 7174 5814 8276 6491 3684 9168 8119 2581 3153 324 5347 8424 5164 7254 2844 7761 4070 2894 2832 7573 8568 8287 3741 9457 9804 6077 4545 6027 3970 4390 6599 9200 3492 4092 1095 9578 4381 2225 4458 1307 3993 8544 8435 9785 3262 3770 8394 5289 593 2198 1408 9717
5775 1275 8564 9591 9345 5030 6643 2800 1650 6745 7853 5692 970 1078 510 3032 2356 5883 9240 6142 2792 1906 121 596 6662 5884 6450 9213 3757 3241 5409 2941 6196 3464 2153 792 2332 6163 545 5365 2965 3581 8580 7885 9295 8126 8415 7624 7222 8938 2537 1194 1623 5004 3947 7766 5260 8898 5978 4565 2790 1846 6898 9431 6228 6889 1831 3183 6365 4019 83 1428 8677 5985 5011 6327 9554 7318 1845 4676 6343 7710 2587 8640 4290 8987 4683 4314 4530 3206 4917 8201 9350 7781 9179 4769 4665 2413 6065 5733
8540 9399 2627 770 1848 7997 7097 2783 3464 9727 9161 7845 6190 9754 6902 9192 8130 7031 4824 7220 5256 2707 3879 3671 1277 4492 9891 313 10000 6583 7565 6627 1924 6018 1033 4487 2413 1945 1319 6731 2746 9508 7854 5129 6263 5128 5380 8084 4464 3129 2835 4563 8149 7270 7108 7055 4418 4437 9351 6740 7006 8832 8351 7474 1125 9483 5936 9263 8042 7746 2137 4554 4103 6233 9405 5612 1297 6512 124 8497 4048 5080 3048 7316 4947 3937 9827 8482 5941 2986 7503 1483 2068 3768 3770 1104 8628 6590 6013 9962
5447 4884 9243 7039 798 1738 8001 2058 1463 4199 5968 3456 3955 6171 2828 9788 4788 5770 5930 7679 8676 602 3051 891 4888 3958 972 4521 6813 9561 2701 7386 4123 4585 1647 2298 6419 1945 8043 8106 9267 4761 1335 7292 2949 9145 9877 8603 5362 1182 5890 4738 3773 5766 2068 2910 3042 5107 5117 3669 8137 6994 9014 762 7602 9499 8661 4535 5776 7534 7381 3343 5293 6446 1049 8037 3812 4293 1084 8040 3433 5010 2701 3505 3803 7597 8051 3764 4903 3575 9814 2564 9615 6472 800 438 4829 5421 1489 5689
3084 5569 7934 6332 2724 5862 1962 8925 6876 2170 9296 5303 2915 9553 5254 2538 2525 8708 4294 4950 2800 4195 5587 1285 2494 5733 7801 8050 898 2062 8450 5056 7320 6149 4764 1027 1054 2539 6928 4701 4352 4537 4808 1006 2971 4274 7021 771 3160 2444 2311 8400 9966 773 5771 158 7627 1528 7116 8528 7022 388 7279 798 1419 8126 1992 6494 3740 4530 5296 6344 5590 6862 1584 562 2050 7699 7707 9304 5972 3448 851 7187 5774 4048 3736 6255 5174 2148 6107 6137 5774 7659 8032 8684 1113 1042 5860 2408
7242 2033 6116 5366 9461 6873 7990 8845 444 3973 4708 9618 5455 6536 8791 2273 7013 3483 1842 816 6278 4094 6932 7893 1063 9832 5423 2277 5075 2573 5555 5115 8919 5039 5947 6339 228 5267 2692 5168 3138 1993 8177 5734 9761 3909 9781 9415 6362 4033 5526 6766 4104 3395 5922 1250 4032 245 1907 800 4019 3228 6575 9767 9308 4940 5585 3946 5944 4678 1480 2700 5555 3686 1797 164 535 3308 6912 9506 8603 4523 2582 1074 2610 497 3191 6621 3004 7079 7523 6345 3504 5597 845 8356 9945 5797 1448 3706
9718 3982 5534 7973 8301 6663 7285 2968 688 6373 8628 6147 4808 1250 5319 3334 3552 4309 8517 1451 2161 5401 4717 8098 6809 1587 3396 5761 5722 9418 1984 4059 6657 2529 6632 1660 4029 3438 5575 5939 2842 9828 363 7148 2467 7820 5554 9552 8636 7277 1922 3346 5627 2405 8830 1608 5119 3969 891 2277 5193 2360 9646 296 5332 2074 6504 6154 7933 4667 6025 7324 209 890 7438 9611 2407 6226 8231 566 7510 9273 1259 1020 6261 9680 3581 1138 6451 1138 5026 5857 8877 5566 6005 8360 5287 3221 9168 1442
7027 7016 3743 4439 13 5452 9903 3532 5847 7476 2576 4712 2117 4966 4888 2828 7885 9850 7903 4812 6668 4450 8063 1300 369 2699 5681 1394 7445 179 9183 532 7835 8415 7591 6949 6606 3000 3999 2121 1199 3220 7742 1048 1506 1193 5268 1987 1420 5485 6525 5354 809 4223 9001 1105 2389 969 8837 7016 5597 1420 4204 9866 4821 6052 6916 4413 8798 7968 2848 3073 2295 9663 4520 5073 4012 2454 4613 3634 6253 30 5125 3347 8474 8883 6157 378 8853 5155 9115 923 4919 5468 8960 5116 7468 2428 5095 6260
1610 1956 6903 6985 2048 3352 9937 4382 5416 7519 1132 378 8696 768 5060 9375 6103 5487 582 7422 2166 9669 2117 9298 9905 9239 6855 7000 224 2424 2015 459 3823 180 4224 1708 9848 7754 1566 5460 9724 7944 1213 6856 5857 9749 1806 7683 6471 6192 5985 4408 9592 8635 9028 4759 3572 7806 5622 2755 5605 6904 59 8681 1465 4940 9924 1391 1966 9847 7548 216 248 7078 1746 3231 7830 1917 5553 883 2083 5902 4632 5516 8387 8302 8602 1826 8220 1803 34 119 880 8699 5978 3841 7277 6991 9640 3070
2051 1322 217 3922 2507 3247 8113 4880 3947 9087 9226 2645 5640 7271 7568 7591 1030 2815 7531 7229 1654 5332 4062 8610 7451 3242 4300 6675 1055 2455 6152 7867 3348 9237 3116 767 4601 8343 6661 9521 2437 3759 9824 4539 1225 3301 8716 3784 7380 6376 3620 6507 7812 1730 1488 2680 7549 9982 4862 1255 1206 5629 951 3870 5901 7595 1050 2470 7997 4115 1747 2290 7367 6232 6301 8749 7460 9881 1060 9386 1701 6385 17 1424 8656 9208 713 663 4797 2123 792 9064 9861 6912 4150 6466 4485 3711 6772 2427
6241 6091 4618 3161 4766 9526 2567 2300 1295 2667 7275 3143 6208 8972 7471 7247 9720 3264 9123 7400 8085 5587 6926 3172 5821 8842 877 6399 1615 8896 8344 5927 1606 6662 8484 167 9767 1181 740 4580 7605 1829 4117 2554 7826 4047 2389 5228 1815 8763 5641 7742 559 2868 7238 8496 2189 8819 5745 6084 1582 3676 4431 3857 35 1873 5453 2169 1735 9288 2426 1126 4450 7907 5866 2217 5372 2717 4203 8269 7 1200 7072 8153 1598 4344 8759 3578 6118 5232 4728 9821 3628 3260 7308 1467 5567 343 4405 6070
5176 9710 3801 2878 1905 4967 2495 9244 7837 2848 8665 3909 8868 234 338 8591 4843 41 5318 5589 2701 2006 8476 4824 3959 758 7252 5358 1545 8172 2993 9958 8997 6163 1363 7848 9293 4200 1473 3444 5500 1574 8504 9503 5289 7812 4250 4868 8580 9211 3430 856 4606 6582 6462 4432 73 4627 667 5917 9537 4930 6710 5462 9666 2970 7590 5179 8084 1861 6072 3572 2934 3389 5325 9940 6419 98 2372 8206 2962 1595 1657 8822 2112 1301 3675 9470 4288 5980 1337 5436 7381 9033 3225 3382 1290 5961 7043 4999
9857 2321 4632 6323 1899 7015 5073 2073 4272 7064 3380 9543 5283 2532 253 7190 5035 7238 4973 3515 8879 2833 8497 4690 503 3436 9194 2924 5178 281 5494 2236 118 1503 6538 323 6081 1361 7610 8819 8581 2642 2355 7045 4197 8532 4989 890 5426 520 5448 9067 1507 9437 8151 7034 3416 1624 5940 5014 7693 5460 6768 8788 2685 9447 4820 5238 2574 4127 7616 2905 5552 554 8841 6441 6352 2416 989 7797 6381 2361 4484 9571 3911 5889 8189 5939 7084 5720 1014 2680 5522 4855 659 650 9375 6184 2160 5606
4185 5419 863 3324 5793 2346 8200 3234 5528 9257 4588 7359 5988 6495 9740 9922 7074 596 2800 1050 1133 8036 6519 7185 5380 4596 2514 5117 5776 6926 9364 9263 2551 6975 9899 5914 8672 2525 9859 1608 3997 6976 6964 8005 7849 2675 5688 1468 7139 7116 9414 9280 4495 3591 9546 9167 6144 3353 2579 6907 5516 5174 9730 1999 3961 3657 6054 1877 6862 8120 5610 6461 4535 8712 314 6777 2953 9173 1494 3782 6138 6220 1652 3340 3753 5618 7698 708 3909 9506 7315 5313 8084 4725 8722 6341 498 3044 4019 1723
5458 8241 6796 5053 2352 8321 2607 6989 7335 1498 5347 5469 8313 6222 652 9479 5079 1639 2778 3672 6044 8871 7480 8186 2197 3589 7055 3858 5800 3783 4936 9125 8019 4083 3899 3472 50 2779 2317 2901 7311 178 3586 7043 2869 4487 286 976 5312 904 6138 9762 6910 7410 2960 536 8060 3515 5174 9693 4065 1856 9391 7591 97 4376 8885 6237 4188 9303 5869 6398 1492 3643 6881 3673 8888 9735 7458 420 4015 2130 4344 8019 3536 9111 6271 1856 8800 914 9644 8903 1296 957 6128 1134 6221 2092 706 9674
2498 223 3303 9756 7050 2380 3278 2111 2699 4853 8468 7877 4098 1834 8024 6049 2295 4210 6296 5623 123 8116 6548 976 6627 5383 2433 1363 3735 9279 6258 2441 7852 6292 7958 7200 2114 9787 7444 1453 7725 74 8118 6224 2037 3009 141 1104 4097 8831 6644 7896 1431 7125 8045 1146 6514 7513 5577 4592 1247 6381 3342 2730 141 2700 708 4417 2659 3315 9685 814 2364 4744 3939 3391 5227 1333 4489 2780 1000 3179 7717 912 3739 2600 4703 9485 3027 1116 5665 3355 6351 1798 6532 2854 1958 1753 2780 1706
4678 2901 464 6047 3066 4821 8812 5806 6563 3980 2018 8094 1045 3963 1085 2075 5727 2108 8490 9036 6618 746 7921 5962 4783 5076 2258 7521 2009 2575 9748 5927 2007 7333 2619 4700 3310 7297 5192 492 2618 5951 9506 6616 6150 4841 9098 487 9485 4314 3478 7164 3016 9189 9629 7209 3575 9525 2583 1255 7191 151 8387 2253 9861 9538 6102 1297 7998 3866 4992 2775 6860 1555 7544 3531 7124 21 3351 374 2717 6560 1006 6732 1171 4350 5300 8119 7333 9470 7585 4123 830 7789 2128 9085 2461 3641 4160 6894
7845 3857 1639 9739 5942 2893 7359 1042 2254 6671 3711 9464 9985 2847 3469 1868 9258 5569 3091 2547 2106 3353 3341 5553 2279 5418 6152 5807 1628 3240 1799 3953 2806 2802 4964 3015 661 4476 8655 8260 1344 4244 2138 4714 9263 9714 1023 6011 1307 7033 840 9407 5319 3286 6178 2444 3547 5101 6377 2646 2237 5779 298 3883 6107 1527 2964 8230 3350 8162 2646 4618 121 5828 1222 7607 256 4126 1160 3514 4932 933 9828 1400 1762 1256 2242 3897 7257 8973 2962 2090 9023 7266 98 9669 1890 2071 8961 7283
1330 3134 8101 3740 5466 7927 8037 744 4548 9382 7610 3012 9447 352 4907 477 2024 3606 6341 5774 244 4354 8132 6669 6297 3659 2987 1078 9190 2166 1826 9542 2746 3817 1813 7882 9425 3866 2600 1307 5685 3666 7973 1163 8377 1306 1824 1027 397 7922 8160 3167 2422 1481 5123 4139 4468 4793 183 5148 5818 4430 1701 1563 5208 819 9857 4603 566 5431 6794 2272 2161 8001 2814 5389 6386 692 580 4299 5109 7940 1643 1355 46 3976 4020 7356 7587 1401 6759 7586 7306 5869 5633 2749 713 3147 3789 4715
3871 155 4998 6554 3072 5370 3273 6089 3413 435 4446 5645 1240 7525 3767 9694 6888 3198 5181 8156 7002 6157 1638 8617 5908 7187 8312 1627 5795 3387 4055 9613 8794 309 5854 4916 6478 9703 9932 4504 8268 2150 2351 5374 499 5409 5837 941 7347 5631 8902 4398 4931 8820 8320 7940 4545 6228 2667 9227 415 2102 4806 3697 800 5221 8113 1521 1804 5550 5686 2243 5049 8513 7973 8162 4718 8589 640 8905 6218 3485 4012 5642 8173 5103 5480 9550 6073 3983 7097 8903 8123 2396 9290 9514 9354 4587 5701 1172
7860 280 5201 5357 2390 8861 6693 4230 6887 361 9770 9797 4400 5802 9031 502 6055 5724 8687 9654 4018 3495 7200 9066 4065 2625 3603 477 3668 2506 929 8277 1558 9892 1219 8127 7097 1667 883 4234 8453 3378 4060 4048 9738 465 4577 9863 9398 5167 6292 8424 5362 7134 1460 7070 5827 1942 6343 6417 7130 8794 6730 9762 1977 1446 5578 2882 6736 6004 6901 3809 3843 8019 5435 9801 9749 2728 6350 7371 9300 6228 7646 9066 7057 1456 3369 8173 226 1860 4264 2957 7834 5149 7974 1147 9736 2220 4174 7355
5865 9760 1743 860 9942 1826 7593 6434 8943 6386 1332 5544 1946 7047 9125 2821 1859 4469 9657 1729 4824 4636 6981 8407 8631 1941 5965 758 9608 3975 2497 3537 5675 6537 6755 7873 2058 7775 635 5405 8129 8787 8662 241 3016 6912 4371 4521 6483 7548 3933 5950 165 9459 7611 367 4069 3730 6120 2659 3136 9188 4161 9679 8999 988 2134 7951 278 1923 3460 8564 286 3287 1448 3685 6983 2788 4381 9943 629 2200 4716 7461 6637 9296 4687 7659 127 8673 9581 9492 2181 4173 1903 1054 4115 2668 1591 1123
9429 7712 7018 2979 669 4244 8495 5046 777 1666 7637 5347 949 2016 5679 4647 6351 2181 4674 5244 3873 6469 3574 4154 1628 8861 8390 9734 8728 7873 270 8980 6423 8719 2391 5534 523 571 3963 4243 3840 7917 1060 3481 7112 1342 9843 9294 7430 9970 8238 2305 9027 7730 9208 344 7922 276 2625 9697 5284 9822 3312 6548 8007 3303 4093 8734 1839 7310 1179 4557 7809 431 7534 4508 9798 1450 1165 5605 5137 5538 2576 6924 2889 7729 7434 1562 7627 7880 5198 3876 899 5405 9386 591 2898 5316 1307 128
5849 4155 8030 8034 5060 4085 132 2422 9637 4719 5285 288 7041 5470 9385 5062 1740 4895 3626 4612 9315 5023 1886 6888 4375 2445 9386 5706 8419 14 9100 9535 7201 1057 3124 1335 8590 3897 4348 6646 9374 7721 7099 1353 6790 9625 1520 1285 7400 3259 4842 5277 9658 8516 4646 5167 5209 1324 7340 6119 6782 7474 8254 4748 6362 7601 6885 721 2772 5771 4884 1482 9941 9184 2318 3062 7088 6418 6365 9635 6357 4691 9037 6945 8250 322 34 2194 5653 8118 1924 1320 284 3284 3174 63 6516 4404 2005 7092
9112 9802 1333 7619 7310 1747 3582 8373 725 1694 1929 4533 5750 3844 3165 1161 4581 786 7802 3416 5510 5534 141 3829 6471 2713 4723 7583 7875 6913 3144 2909 7376 8841 2516 9820 3624 2366 7306 6198 8669 8228 2409 7333 1639 9874 7065 3679 8178 5183 1402 5507 2814 7408 9893 6141 2915 6222 576 3189 9127 1125 1537 1930 8494 4613 8957 3998 2163 9544 1611 9069 7412 6911 7680 1202 582 1588 7366 7125 2154 5884 9990 1949 4123 3791 1417 3821 910 8960 7775 598 3819 6276 9681 5063 6681 1087 2122 6042
1882 2346 8184 2626 9754 57 679 1829 7600 2273 8144 2047 3528 9157 7957 6787 9204 1856 8006 5785 1212 7143 16 4246 8301 8618 4368 5780 5739 7335 5562 842 6522 6908 2640 2318 3905 93 5756 4066 2511 4403 4426 1517 2956 1775 1507 1107 8276 3843 3672 5473 7253 2669 9487 4761 6938 2952 8396 3645 1356 9692 4257 8085 8207 3197 3575 480 7902 4086 396 3676 1870 1025 6278 9053 5212 8634 4214 6264 3146 7425 5257 3610 7495 805 7598 3726 3025 884 2742 8630 8716 1506 8127 1712 4823 4010 4043 2974
1385 9482 3973 941 3963 9332 9720 1326 1827 1181 8312 7905 8619 3001 5265 9488 2187 6325 6411 5981 7859 448 316 4164 2592 6300 6507 9039 8956 3053 6939 6299 6405 5981 1816 1005 1785 6066 1209 4632 535 3638 3067 4596 2458 172 8024 5867 7667 9420 7124 1733 5428 8323 8089 4838 9560 2329 5715 2076 2669 75 76 7973 8359 4664 8663 2493 4630 3788 3746 6150 7777 2566 5885 1808 4148 4468 5243 1199 2443 2861 5128 8881 4325 1342 3195 5608 2281 4600 4735 6632 9154 9081 6315 5663 7553 3025 9504 1049
9733 463 1149 91 3944 1728 7099 3101 6417 9763 9739 4100 4581 2119 513 5384 3900 9719 7792 2042 3017 409 4244 3708 3904 7512 7657 2579 6952 194 5191 4897 4874 9478 4138 9774 3909 4815 1574 1739 7623 4658 2599 7609 1595 7915 83 4009 96 286 9000 9086 9027 7200 6584 6324 5380 4974 2541 8222 7088 5419 4166 7674 3914 9162 8800 3547 1938 3158 1100 8124 6555 6502 4059 2520 1892 322 5367 8048 9747 2557 7174 9136 779 1273 6013 4722 2117 5092 3329 4842 534 1935 6909 8724 1962 5724 517 9805
6069 1755 6536 4222 7029 775 5025 5211 9441 2919 9625 6629 5321 8590 964 334 6784 2965 5190 6631 6935 3002 3318 86 9875 1543 3442 886 3921 4420 402 3178 2374 4436 3694 7143 5955 6151 1215 2520 2737 8417 6907 5988 7729 3291 118 6754 8402 4001 5746 2102 9464 6149 2850 3544 2264 4348 5658 7314 2769 7243 613 8809 4489 4129 68 3057 7398 1166 7002 426 6876 7722 8305 8722 7929 421 6852 4889 1752 9552 486 1250 3973 262 7891 3831 6870 1893 236 8430 5700 1106 3634 4359 7821 4692 8109 9768
424 3856 3634 5478 6640 5980 3741 3410 748 462 9642 3159 3910 3125 4292 1118 1645 9780 5578 6184 8666 5376 1940 7638 3296 8098 9713 232 4311 8429 8110 7714 1736 6209 7503 2900 3083 8887 3913 3073 2090 3439 7883 9012 9633 7781 9667 8624 4223 1803 7152 8549 1258 4252 7897 9710 8686 2984 9944 3250 7396 5586 9187 2351 5187 7459 3802 9323 4175 4124 2508 3573 8205 9670 619 3892 361 9806 2399 7221 8461 9346 7136 9409 7238 6246 951 8429 9295 9731 6052 3531 2165 4911 7994 613 1414 8260 3071 1617
7739 27 4318 4908 877 2283 8256 6216 8942 9906 13 1764 2191 4402 4745 829 7908 6027 7314 5300 70 6277 6543 317 3160 1307 2635 7498 7889 9768 5197 8157 1812 5785 5528 7419 6112 1884 3928 4962 67 5211 979 3178 6096 5450 8570 7838 3335 1974 6978 4297 4849 5321 6298 7066 6563 2524 1805 1536 2598 8750 4435 3303 6073 3377 2701 7619 8026 7420 6112 2451 1580 888 296 9065 4412 8211 5968 1063 8208 3844 4515 9774 5389 5907 2008 7369 4457 3882 5673 502 9083 5817 1707 4311 4371 6387 9123 3374
1375 4311 3824 9993 9191 3727 7582 7556 8182 4341 6582 1657 3544 7862 9714 5124 8725 6557 254 9437 9993 154 5818 4153 5770 8790 1433 5437 5788 350 9916 1248 2331 1475 4198 727 7977 7436 7877 8625 1648 4611 5271 9888 5196 9838 996 6980 717 1547 3994 2252 8055 2159 5128 5180 7699 6115 1798 9104 8854 5851 4018 173 1790 8940 8838 658 9271 7768 3980 3719 4026 2042 7897 9357 5231 3755 3823 5511 9219 3583 4311 9132 5390 2607 4304 8393 3908 6751 8966 4781 9301 1293 1844 8302 3252 7691 9903 9964
7795 1953 7934 5603 8475 2091 8792 2787 6096 7586 5000 6364 7196 5133 6692 4902 2274 6495 8516 5744 9486 9277 4668 6924 2876 9304 5051 3088 9231 5362 7586 8621 1917 838 9035 9205 7574 8700 8545 250 8961 7126 8635 7246 6531 4983 196 6392 5902 7266 467 8569 1100 562 5088 8785 5754 8854 7893 6186 4463 2520 1959 2704 76 4636 985 1805 1203 7375 4752 4225 4724 5287 1633 9332 6346 4501 2092 5306 7193 3676 9368 5346 6087 8202 9980 827 972 9155 3329 9552 9671 9005 77 7077 7560 7943 464 7700
9954 5701 6945 4622 7070 3961 993 8815 5383 9631 3194 6495 1801 4222 5740 2160 3449 7750 1686 3234 2036 6107 5193 7471 5331 5981 2565 6789 6100 6218 3719 9974 6002 1566 9176 8798 9649 4593 8385 6940 9131 8785 2799 8514 3365 4553 9486 6235 1297 7030 9639 5101 1260 4494 3695 8645 8388 4746 7038 8931 1933 7484 767 7606 5423 2626 9206 4330 4464 7489 3414 6967 7038 5232 2439 8047 8036 5087 3156 1518 7921 5731 9473 8147 4713 5617 9009 1009 421 4217 610 6558 3625 3610 6617 2092 75 3407 526 6758
5473 9231 337 3188 1667 7662 1424 2285 9257 4887 7456 3194 1508 5935 3852 4343 9828 3272 5319 2730 5007 8520 9022 7503 2317 3288 9704 7528 4053 9007 8613 2747 2065 4041 3100 3972 9029 1816 6396 8448 8819 9288 4388 2730 1281 6707 6766 834 5880 3608 2088 8871 6100 4727 5334 2371 970 1434 3128 3813 4249 2943 9570 8126 901 7769 6953 4773 6795 2369 3527 7760 6241 3815 8243 2944 7126 8743 592 1955 9817 1255 5508 4068 9954 7368 2648 2623 6242 8650 8607 2964 1517 753 8061 6936 1461 8535 9721 6740
7972 4106 7692 1271 8983 8810 4430 3353 3363 7093 4503 3651 9112 102 2721 4046 241 7884 963 450 9465 8256 9761 7135 7444 8742 3917 963 7273 9813 2533 8748 4937 6837 2954 7206 3261 472 2546 7297 3899 2374 7814 4507 1101 6102 4643 3447 1632 1456 7784 8011 9834 9114 5777 7699 67 6907 6079 1562 6594 9951 5108 9315 9970 4511 8492 5044 9035 5295 4597 8246 5144 5224 1702 1042 2699 8905 3863 6597 8508 5743 36 687 8558 6370 463 1729 9599 20 3021 4491 4929 4926 1102 4163 3526 3937 7469 852
3096 6710 6402 2257 4860 4062 9749 6522 3349 598 9163 2739 3773 7228 6434 3442 6041 3566 8761 7490 2200 9225 87 9199 424 3435 7681 6012 1485 7323 5365 5594 5004 1311 6003 3715 1759 6948 6790 2302 8595 9594 6479 2041 1769 9895 1983 3693 6085 5461 1667 4836 3953 4850 694 4436 1822 171 8131 863 5405 6654 2903 9603 4215 5772 2318 3872 8755 3367 1363 3968 7762 7982 1077 9541 5877 2303 7662 3706 4809 4111 9825 752 3905 6858 4418 1403 670 1833 2466 3951 5604 8145 2290 4446 7649 1267 7704 3538
8311 8696 1363 6462 9293 5747 9522 3797 6843 8091 4122 8092 5374 2562 5971 8670 6752 1326 2448 9125 5904 3956 647 4505 1021 2839 4723 6058 9516 7582 4544 8548 2396 8547 1439 145 903 3437 5858 965 6399 2523 5846 3760 9878 7487 9220 9180 761 3760 8387 6129 3987 4315 7274 8304 4034 2724 4579 9565 9886 1364 770 9234 2426 28 5474 4709 7582 6067 7410 6903 9971 3255 8994 7904 4938 7146 6314 9576 8614 4303 9680 1526 3843 87 8371 7719 3329 4055 1854 3507 1767 908 8499 7220 2081 8027 4428 7366
5369 3193 1451 2480 2563 9337 5431 4219 5472 1720 8726 3736 6337 2053 4473 2812 884 5936 1610 1271 7490 3094 7074 4962 5699 7958 9875 1214 8531 1594 5284 4668 600 8197 1111 5555 2365 7058 1191 8770 6980 1427 8472 7822 239 9494 7812 4755 1645 376 8781 9888 3346 6122 7132 1299 2609 3599 7933 9967 221 8273 5241 8346 9638 6568 4075 7607 5495 9603 1925 5805 2565 6206 606 677 426 5842 5383 1357 1595 3615 292 8744 3475 8272 4055 4794 1886 2529 8765 5865 9560 3857 7366 7079 632 6196 7178 5921
3008 6943 2795 8923 5712 6966 5396 2032 4486 2995 5703 2029 2331 5954 1047 6040 2142 3535 8836 8008 2031 3527 5486 9926 4651 5984 2978 5833 7867 7533 9253 148 719 5831 1754 5652 1329 5869 7676 7369 1114 8750 3616 259 1793 9486 7711 6964 1066 522 3090 4046 5608 5033 1761 2652 3827 5809 8789 1155 241 389 7522 8601 9620 2261 675 210 6151 9141 5701 5402 282 6525 6112 4052 3168 9670 5748 2592 7023 124 3682 2001 2969 1261 6571 9406 2349 1371 8703 2277 3546 9332 2230 1386 1087 8464 1339 129
537 3730 7960 1397 1639 9594 6360 6239 2400 1923 8310 4265 9909 4251 1610 3305 3928 1390 2011 259 5345 8598 7162 2862 2462 5356 6159 4138 9033 5660 2950 7852 5321 8453 6936 2370 4660 278 7536 9300 6684 9944 7852 6159 7275 926 1082 4141 2532 4337 6066 7613 9482 6553 314 5979 2107 4291 4878 7483 949 5981 5100 6479 6015 4364 7336 4174 7469 695 5494 5510 8631 3031 6886 9093 4954 6005 1883 1516 2270 1575 6191 7174 1278 3992 6090 5679 8866 1989 8183 4076 764 1830 7050 9748 5599 4795 3417 8693
7589 5589 2891 7360 2238 1001 9017 7082 2475 8169 6955 4373 7284 3908 8000 975 8721 7622 414 3056 1843 7807 636 414 5916 5870 8845 6448 4409 7383 957 8358 5290 6672 7766 208 3141 7319 9954 8598 2309 645 4376 5401 1726 2995 9969 9088 1640 7315 1525 7885 9313 1008 874 2753 4904 9094 9943 3139 3433 1764 9356 5772 7135 8644 3440 199 912 305 3091 4557 7607 2530 2768 472 3756 9604 3623 1115 2668 266 3009 9899 1899 158 7525 5085 5080 5056 6733 2218 4090 8409 9972 2818 579 9421 829 2624
4234 3713 1773 7257 5846 9281 1124 6404 7187 1204 8537 1489 7086 6873 1587 3132 1357 4775 8648 1890 7929 7151 3505 339 9426 977 3123 6341 9960 6770 1727 7038 5317 7291 8634 1387 1798 4409 9756 137 6870 3289 7426 3140 3636 3810 1977 4912 9257 4895 7344 8590 8394 2299 3699 9443 6302 1550 9018 7316 9660 6340 1079 1635 2599 1957 8743 635 8558 6419 8927 9098 9655 9893 7985 9171 3380 4770 96 1001 9662 504 3479 5179 3147 7147 5481 9608 8793 2859 5347 1763 9471 4071 6818 4304 3332 958 9026 7299
7160 4989 2911 2977 4617 4393 5972 2354 4492 1732 5240 3129 8261 5028 8306 2642 4420 9644 3460 2547 464 1816 8418 8387 2259 9013 9571 6512 5215 9701 524 3368 2327 1310 6508 4816 7695 1768 1240 3320 9738 8947 2213 1620 3211 847 6988 3798 7818 8435 8087 2130 4029 484 9083 7951 7264 1692 4959 2559 951 4548 5137 5366 3926 3403 6691 6686 4744 2600 7616 8690 5693 1630 4462 1634 8474 2308 9638 3924 9928 7027 9815 4790 7805 9544 2432 2046 1171 644 246 1684 5617 5095 5328 3087 8443 267 1970 2969
8682 1896 9845 9619 6934 7782 6167 6727 9883 4171 1436 6256 7530 3864 6392 1291 874 8997 8395 7346 4827 7279 2647 3096 894 9835 8531 1895 3360 2837 6163 1293 7786 7271 5628 5154 2234 501 1029 9931 6532 7298 905 3749 757 1118 9707 1678 243 2458 8432 9896 6050 16 6171 5697 7767 9369 9286 5862 606 1677 8555 390 189 6304 4496 5788 4665 3947 8859 5853 3127 9696 8146 3901 3671 7711 6941 7751 9580 5181 125 7835 4082 979 1892 1395 9641 2650 5098 1529 381 5242 6065 9530 5146 8043 1396 6428
1773 6349 5305 282 4632 8097 5653 5311 8066 681 4915 9561 6784 9676 3333 9510 4198 593 6806 9296 4168 5660 9410 8684 4395 3720 9252 3143 3436 1816 6932 5509 3297 2738 2235 561 5893 6376 6166 8210 3032 6514 1904 2664 7273 5674 8647 3186 4751 8765 2556 6953 4003 1583 6416 437 1429 225 7653 9228 5123 9135 184 9443 7004 5836 6186 3755 6665 3276 3774 3731 9817 7261 4761 6527 8078 3985 9896 3763 8520 5723 5431 2740 179 6966 6611 8458 783 8898 8344 3043 9258 6472 7342 3187 9783 4076 1776 9192
4147 2318 5401 7367 4927 9864 730 8252 9795 5918 1366 8147 1934 7387 322 1917 980 1785 8832 3348 9554 4244 9414 6197 8375 9633 8410 8181 1513 9868 9794 4061 8687 5250 3324 1540 970 908 7459 9077 8762 334 7402 8378 2162 8617 9447 4605 601 607 9007 2653 8657 2211 2556 7608 1000 2920 9313 1873 2157 7194 4631 8442 4724 8098 8268 5709 8449 2352 8849 2485 3786 8125 531 5144 498 7790 8658 8125 3444 4936 4090 4018 1125 7692 1447 4093 6413 4160 7752 8468 2553 5231 9853 3856 7381 3771 6437 8130
584 1306 5076 3015 966 7093 2762 6794 6087 6181 1893 8546 9130 4570 106 9961 1198 9335 8162 1427 5143 2925 3437 7491 2768 1223 5665 3791 5755 7583 8117 1321 6310 5644 1878 4448 4350 4776 1986 9266 5262 5774 216 5035 2443 4573 3382 789 6817 9573 4631 5662 4372 9430 8043 3439 7556 94 7077 5179 6278 1887 5040 1752 2917 1917 5954 5397 7860 4391 2314 5536 5416 6962 5521 3245 9544 9750 9808 2134 7957 6014 5301 6597 7340 1098 3490 2292 9391 9782 9090 1376 3566 1793 4999 6170 7550 3197 9152 1406
2482 8983 7649 8837 5914 4012 3199 4800 2351 4050 7550 480 4131 6425 1150 8415 1773 2638 156 8926 8553 5466 1769 2917 8811 3324 6070 6364 6171 127 5276 5661 7469 6354 3731 2861 6280 8467 9372 581 401 276 3624 907 583 875 4223 7160 9648 1408 3076 1652 8657 5254 6304 7575 4233 4352 1630 1859 8023 5597 6383 2369 4409 8185 1823 1476 5450 6512 4603 2979 3628 4941 869 8477 4437 1992 8664 512 2177 54 4487 2935 542 8846 7367 7130 245 577 9114 2028 952 167 7331 1257 4685 8448 1489 6180
3421 4210 3268 4913 9082 9384 6429 6514 7602 1358 1188 2506 2900 2855 7994 9199 848 2284 7482 9996 901 7465 1313 7057 5953 8666 7441 8300 1989 2412 1042 9160 8612 7577 7740 1006 6107 836 570 2330 6721 3500 4151 9051 6147 9127 6181 5841 1399 7004 1784 9983 637 9152 8009 8532 6529 6161 3443 8123 759 3279 9919 853 2097 8299 3886 8841 2925 8579 379 9663 6401 7954 8944 4768 3994 4544 6826 791 9572 480 7075 799 5796 3688 3608 3301 5498 5653 9579 1554 7220 4891 8528 5751 6086 4994 1199 1553
3452 2008 8251 7647 7218 8074 8776 7206 967 485 7314 4338 2270 7659 2861 7267 2889 980 6336 8072 9709 9342 5657 7275 8239 281 5849 6596 8930 9323 8436 2586 2766 4735 7789 6764 786 8199 2640 7041 323 1417 7408 1 3922 1649 5215 5237 6660 1687 4131 7365 3036 8419 1495 1620 9060 6112 6557 8826 9845 9933 5374 5001 2931 5582 7564 9728 5782 8102 1354 8614 6715 3770 9821 2485 3003 4314 6908 5183 19 7239 7271 6960 5867 2437 1213 9110 9576 3482 3264 1781 9087 7400 9557 1233 7128 8191 532 6541
8926 9709 6300 8495 6289 141 8431 707 2063 3150 3404 7715 8819 8869 7401 4832 9595 3125 9392 5947 3719 5584 7065 7907 8498 7383 9205 2120 8099 6435 1010 8253 3996 6205 6109 2025 2674 4506 9918 8770 1212 6124 9544 7590 7218 2073 6199 5236 2370 6767 8864 2862 944 6463 7234 7568 9516 1315 6690 2820 7215 9420 5934 70 5527 8956 5968 7197 2673 3895 4045 4619 5889 4142 1564 243 5797 1864 4957 5304 6341 6458 5509 5238 5117 2268 5169 4403 7207 1493 7035 7029 6127 7177 5095 5084 7815 6030 4645 1376
1956 2144 1596 3290 3459 3963 748 1486 4066 2858 3269 9506 4919 1819 2522 1308 1591 3892 8713 1440 1876 4687 6249 3386 6674 3219 7293 5914 7264 7439 3340 637 3995 2870 7581 586 7875 2127 6592 6138 5050 9743 5762 5611 7705 9363 6718 1596 3862 2113 5457 3796 1626 4944 1299 8359 5720 7003 5737 9432 5503 5965 8193 9846 4537 195 8716 1855 7649 2810 528 5560 6472 3956 5674 4770 7837 9205 7786 2522 7582 38 2870 1651 2075 1708 8872 619 4575 4474 4971 6602 8599 3126 7299 7534 7429 710 2399 2946
7498 4847 1160 3186 5327 9839 3562 861 5211 3460 6037 9392 8947 7274 1461 1449 5098 6657 3703 4471 9136 1335 6116 7788 164 6301 2177 7837 5590 2500 4532 9998 8872 9901 6544 3826 9326 1588 7889 2168 5209 5826 4516 2520 6613 6323 7264 9103 3107 8067 8325 8867 7530 9546 1634 3569 9139 2770 663 6231 6067 1562 5430 8329 585 5993 708 7177 9455 3106 950 347 1861 7989 4020 3223 1322 7801 1897 8331 3224 3555 927 1310 6012 3348 9027 9558 4536 2914 132 3804 7967 6766 4328 6762 8322 6088 9554 8916
8617 3666 7110 8981 3406 3924 8302 3659 354 6727 8885 8994 5185 1694 240 9098 130 7445 3916 7457 6505 5513 9765 9452 1546 4934 9720 2139 7867 7424 5469 2883 3786 7144 6350 8559 5741 5128 7136 6473 5358 145 8009 6948 5658 6604 3313 4651 8046 2631 3029 7553 3258 2772 7238 7605 9878 4626 3104 8419 6381 2638 3292 3356 6476 7861 2044 836 4878 1743 338 7320 4386 1910 7887 2964 6372 4604 9813 9965 1257 1851 5928 9859 261 187 7180 3682 6564 6181 9893 5368 3009 7934 7060 4182 3292 4888 1707 807
9110 2508 1156 4418 6331 7083 9652 8044 6775 7409 4548 643 2745 4460 4976 50 5015 5529 2644 8565 2440 4080 9581 3701 5498 3669 7225 6750 4805 9291 1637 6581 4207 4410 7798 3775 8352 6899 5653 8180 6939 4465 4480 2878 3116 7562 623 7146 1148 6932 3166 8004 7857 3629 2136 9631 7584 1725 3393 2890 3705 9746 149 8006 4282 777 3432 881 8029 3610 548 1858 1930 6825 6461 2447 7363 3893 1281 3519 5078 826 3705 542 9443 2471 4937 9080 3016 663 465 4284 5919 5547 1481 4082 5689 1796 4615 4529
9359 6874 728 9551 4043 4044 3895 4419 9841 2401 2987 6856 7606 3607 5995 4702 7910 7066 2275 6972 624 5272 1464 3078 5970 7373 3168 5627 7746 1261 4997 6537 3077 1411 7714 5556 1119 2895 4808 3364 2636 514 6258 2337 9660 9506 6913 8097 1304 432 791 3648 6191 851 2925 3146 888 6301 4604 9774 1899 5080 2889 6902 5001 2203 4125 3715 8345 783 9744 6857 5004 2631 4629 8915 2120 2075 65 1005 1217 8644 1501 3022 4682 918 4714 3126 3390 2916 8664 8721 147 5793 5630 2302 5579 1859 2524 1504
1335 6404 4921 1070 9418 3804 259 7972 6166 980 7505 5772 5357 8818 5408 3459 90 4157 9812 5199 1769 2337 3122 931 4162 3459 386 2034 6975 8848 7966 984 2445 1917 5799 2002 491 8033 649 2024 9806 902 8142 4672 8184 6779 1830 1068 1112 4464 5441 622 8111 1462 9136 789 6983 9618 5707 5796 3516 8577 5722 4814 5765 7386 6279 1891 6592 2042 3080 6049 9804 7589 2034 1342 6698 5819 4822 8559 6198 6128 6505 4527 7943 2195 9199 2565 5863 5381 7056 1812 2855 686 4561 1069 963 4779 1428 4197
574 3823 484 5139 6024 3835 2569 3852 8162 9432 9233 5886 91 3476 4413 4683 5926 7131 7884 7301 9593 933 1893 5820 5859 8513 5128 9363 2041 1731 1585 7727 2177 2068 755 601 8820 6576 3260 6136 1222 6784 3922 1537 5948 9686 6007 6764 1920 6529 866 5220 9569 1131 13 4658 6917 7023 3195 102 8250 9511 6202 3002 7768 971 2356 2615 896 2496 6359 343 7647 2559 3999 2733 7047 3653 2865 8436 8177 4279 495 6835 7906 2454 3486 1476 7429 7240 2938 3362 4599 5502 7248 1412 159 6101 5300 9661
8264 7521 9993 2831 4702 4789 276 9682 8973 1758 5284 8189 8803 320 5408 9680 3706 321 4680 9986 8392 5868 605 3644 5660 880 614 9971 3951 2161 8973 1392 1354 7193 1555 9434 5141 7192 8221 6702 3983 4215 6927 8949 6172 8742 377 2564 8553 2232 2967 5010 2996 3184 4693 6541 1839 4140 6759 7402 6176 6359 5046 4677 7871 9366 7598 4080 7227 4469 5933 2649 4956 2091 1163 1576 3606 6231 2665 3835 6634 2810 9126 8438 7621 135 8576 4584 4280 1167 5733 898 9364 5566 6842 9930 8651 9007 5569 2706
8846 9195 9335 1629 7351 5809 6970 5835 3763 9077 2543 2102 2607 2078 2528 128 7854 4298 4984 3627 34 3136 7858 395 3217 917 3418 1433 4969 7149 5950 3775 9536 5842 1371 3105 3841 5405 426 1832 7764 8404 1400 4361 9869 3605 4610 2353 9464 7787 5081 2059 8547 1146 4066 1059 2556 9955 343 5212 27 265 6716 7499 6586 6046 7942 7389 4374 9929 4256 2649 6947 8173 809 7466 7433 4884 6083 6057 4450 2006 9422 3386 2484 2622 9856 228 1569 3022 4220 6999 1489 7023 2806 7090 5580 8644 4414 863
1633 3675 6187 1041 8686 8298 105 6453 6596 8890 4084 3907 2931 3352 3562 1982 1950 8689 4968 4083 3757 6156 6823 7260 9601 4140 8191 4578 5964 4403 8747 4954 3427 9643 6657 3596 1640 6922 5772 2016 4384 7892 133 588 1342 7820 3911 5055 7456 5083 1281 1831 6950 5886 1336 3289 327 2386 1382 9829 9502 537 7236 3084 7968 1331 4545 4295 4677 601 9136 549 2434 2913 1489 1785 9324 7641 9075 2645 9300 6646 8363 5063 3642 7497 9970 8382 2801 6068 9059 9762 9699 5483 3760 8024 588 2808 3198 6529
7030 7896 4714 8890 1770 2716 9308 2437 7459 6519 2533 289 3911 1287 2242 4893 1328 897 5079 5700 4034 494 3092 483 5267 791 9323 1017 6243 3746 4493 9806 8466 755 8591 5054 3506 589 9733 7283 1948 7561 4678 3560 8139 8115 4968 9270 4920 2964 7280 8589 947 9273 4980 7140 7462 3925 2348 8950 1985 5528 9365 5080 6467 1349 9615 5194 1327 3037 1410 9605 5104 6941 7694 9562 3757 1610 987 1595 1691 3584 4319 2848 536 4222 6375 4048 9563 4443 2737 522 2478 356 1458 2936 3898 9742 3931 1978
507 5650 8461 698 9678 3936 6583 8414 2565 6423 8949 9733 1291 2428 9372 639 9371 4025 3399 3322 8737 4419 6316 8797 1139 1729 1084 5364 8429 4310 8600 8211 5101 2812 5195 9037 7763 6484 9438 4526 809 6915 8276 3876 8380 459 2269 5851 6988 5042 5676 312 5385 2314 5099 7748 9636 8844 2054 8501 8457 8094 2885 8826 1033 6039 3256 410 254 3845 3266 2108 6031 8423 9124 8587 971 743 6845 6125 3107 964 524 4140 270 1744 1200 5631 3418 1416 4776 817 4749 1685 8677 7441 1501 4944 8796 8868
8478 4195 2147 3905 2738 7243 4786 5699 1898 9854 2303 8722 3450 9951 4006 5720 5714 9356 8157 9105 7674 2542 8337 7549 473 8907 2539 4169 1249 1952 8222 6119 7846 3725 7496 6938 1702 6314 2370 2465 3983 9285 6804 1104 360 1044 3164 2179 7966 8909 6337 648 822 8427 539 6648 2063 7958 3939 194 7875 854 7036 6468 9684 8017 1114 8516 5058 6687 9466 7684 5445 1422 2637 2029 9047 5563 755 1259 2696 6788 683 6299 724 3688 2728 8301 4334 5507 358 4749 5024 4413 9435 3503 9135 9332 3636 7255
39 1507 5525 9253 1326 6579 5865 4429 120 2156 3742 2957 6883 8744 7143 7700 5600 4448 4035 4996 2553 9766 7482 3436 8019 5474 6117 3012 6138 4164 4328 5072 3612 9326 9278 3037 1886 7874 1692 5127 6355 6333 588 4850 4217 1427 9392 6773 8480 4205 1309 745 8828 5203 5403 5175 8558 6541 859 9374 6820 5463 9851 2571 7873 1073 7160 3897 833 7968 8309 7787 4206 8791 9184 1557 657 9388 4899 227 4192 1002 1264 3508 176 1775 8672 9970 3821 2030 4140 3575 600 3439 1041 2317 4024 6910 988 4357
9265 9496 2340 3254 6287 4795 7386 3409 3050 8542 875 8761 6750 9666 630 4261 9181 1228 8663 5745 8038 3407 3771 953 6092 5318 7547 735 3241 9248 9995 4291 7098 595 3682 7198 9386 7844 4457 2141 7302 5799 5122 7512 4093 8628 3152 6459 720 1617 7363 5982 3960 4605 6997 9526 6806 5669 9625 2527 5700 6760 4777 3179 6730 6137 497 3770 6403 5307 8944 8972 5650 5238 370 3211 9330 1450 8611 9698 5708 4396 3155 2170 8744 39 5238 3176 5300 1022 7927 3350 4126 7279 2762 3453 1389 5030 775 6816
6024 1771 1159 4280 1017 8281 7847 2 5808 2393 6925 693 8720 4161 6391 4179 5067 8184 985 8656 6485 2620 9881 2646 9524 8445 8534 5893 8911 6308 707 5731 3026 6922 6638 4118 138 366 7368 4154 2653 9126 7733 5453 5058 9393 7617 4565 5349 8211 7811 7892 1841 4519 3747 6796 8954 8053 9128 3281 4270 7419 5794 7568 3277 4153 1404 1981 1363 119 113 5476 4379 3169 3657 4915 2830 5690 1148 7738 5681 8683 5470 3665 643 9356 4234 1524 8723 3145 7465 1980 4693 2197 2499 4660 7695 3375 6479 8642
9705 178 3643 8348 2196 9978 1894 7408 3215 2959 3791 3711 9666 1969 280 298 8778 2306 880 9233 7130 3648 2830 936 5016 1699 1447 7211 9326 2058 452 6287 7641 860 3734 3955 7608 2602 5093 7967 513 6112 7410 2856 6018 9689 9629 7869 1052 8680 6328 2567 3724 4799 6471 3423 7216 2702 5998 212 9254 4956 6853 4651 5989 487 5548 2023 2985 9766 7514 6832 6943 4313 3206 5692 9570 8925 9063 9706 8786 4524 8291 3064 4796 8661 8062 7178 8757 7845 1355 205 5828 9572 1831 6502 7826 1873 8070 1792
2161 1550 6214 8812 5348 6298 5983 7172 5964 3214 649 522 7026 5128 5501 8741 2448 9019 9181 6777 6196 1210 1749 7814 5402 1196 4277 3743 9217 2975 2761 3653 9767 7019 4780 1474 4179 6935 3969 729 2179 2731 9011 1016 5215 3566 2559 8494 5080 5714 9095 1201 5187 1519 5176 7528 5682 9237 9123 2400 223 3300 9390 9630 3184 5502 8248 744 6250 3546 1681 4725 4113 1081 1057 9145 5835 9215 6279 651 51 5994 3247 5567 3179 7170 4477 4869 163 4933 5254 3796 1463 1440 3961 1488 4423 5848 4994 1529
8847 7800 4915 6215 6269 1146 8555 2915 1613 2548 3213 4313 3955 6286 2652 4161 9596 2621 8309 4834 3522 4199 1261 5388 4647 3001 4674 112 531 9277 1026 5437 8251 7390 5857 7258 6107 7604 897 7008 5072 2234 602 336 9422 1701 6246 2598 8031 5793 7793 8828 7265 4488 5748 7862 6025 4300 7848 8438 6582 212 3185 516 2392 7384 3101 20 5465 6857 1410 5432 2273 3137 1912 4840 5260 7444 2026 1287 5925 3881 3022 7840 5513 9289 2203 559 7377 8194 6327 8284 964 8105 2309 8456 1403 5298 1155 4197
4745 7058 8533 2166 890 6345 1044 9214 6196 9046 7727 628 9865 8454 9648 8152 3644 4416 6335 8316 7452 9272 6840 5837 8595 4045 7050 2875 4348 421 9212 3341 6924 2929 4392 158 9319 1221 452 7901 3061 4820 7403 6584 2349 5625 7426 5949 7012 9020 2 9455 4561 7406 4433 832 2921 2004 7763 3353 3518 4168 6123 7044 5427 4551 7759 7723 9513 2729 9744 209 6152 6834 5864 3417 6261 3952 6532 2436 6023 3998 2592 851 1061 581 5354 7117 2173 5828 8828 5569 2665 4008 6790 9985 9175 3929 7918 2057
4909 4146 8716 7197 8110 7685 3255 3657 8199 9238 7017 1265 5403 9556 3380 5823 8298 7313 9506 6550 905 4393 2617 4432 4927 8712 5351 2225 7816 5311 4069 1519 554 7242 8137 6704 1707 2012 4531 5141 2878 5751 3998 8381 9168 9975 6537 886 6863 3419 5741 2670 1148 7527 2760 9079 4632 2457 4732 6393 6748 2023 3602 6580 4288 2512 3826 7023 7074 4014 4481 1266 8841 1515 3179 5959 4302 3858 3991 4347 3443 9349 62 3264 1155 4327 3087 8474 7054 1783 237 511 3940 6520 7428 9692 311 5103 6743 7079
4903 9069 7852 6076 9987 1036 4149 9178 8213 3346 3508 1905 3579 7428 7599 1020 9543 4721 865 3568 9349 1834 5280 7845 5446 28 6812 6785 5787 4488 1348 7990 3850 1352 517 3455 6718 2212 696 6919 3003 7035 9544 1454 7639 5770 1838 9295 8998 3665 3946 3239 8652 9343 1004 5307 8529 5505 5769 6909 3747 4838 4611 7479 6892 8868 625 7770 1609 9572 7149 1389 1781 487 4596 472 2283 9668 532 9256 7154 6252 7945 7826 4121 5953 9008 2606 2166 9403 3010 9569 3755 4384 6423 7803 8321 9214 3500 1532
9425 24 2359 9478 9246 2598 4698 340 2004 6933 3316 7508 5174 4962 1061 2558 2469 1501 2918 8556 3183 2593 1297 4164 677 6484 5173 9718 8643 978 5036 4962 9313 9651 5820 8830 5054 5276 4585 4370 5092 2 1867 5120 3853 1165 3278 7224 5733 307 5862 6204 2086 7252 9947 1908 8719 8041 1177 1877 6472 6316 4391 9690 4583 8475 1580 1770 6059 818 7435 477 6389 4489 5862 4860 7290 2321 8441 6006 7636 4127 9393 741 9048 2006 8117 5765 3403 468 9214 2009 5493 9647 8049 5006 5524 9511 7922 3862
9110 4653 8961 9569 2888 1677 2902 9197 295 9459 7299 2707 5437 5882 2600 2872 2769 3438 9354 842 3520 22 4566 3747 6318 9771 9905 8974 2590 8125 8241 1771 3672 1424 8456 2666 8335 7130 2977 7811 7398 7876 1777 874 2772 9470 5730 5946 9546 7366 565 1937 9151 2551 5053 1885 5484 1352 9528 844 2906 249 922 6753 3770 6786 8880 2767 5458 3064 1825 1723 435 5641 6919 2693 5114 7931 5989 1298 9138 4366 9111 5006 8483 4274 4806 4079 8549 2198 590 1623 2749 699 8812 455 2353 2080 422 5744
6649 9531 9203 3082 494 2107 3629 3045 2844 7004 3988 1056 8678 7206 7391 1248 1017 5340 6874 5810 807 5926 5113 6061 4113 8184 7167 3676 8047 5929 4498 5019 4510 1735 5471 2724 5922 4234 4693 3561 2829 2521 9789 5929 5944 8444 4490 8026 7176 7885 9884 1954 6481 4163 6885 8265 9584 9937 7323 7228 7174 4488 8537 6913 717 38 218 7744 576 818 5068 2461 7520 4366 5381 2000 7017 6936 8639 1412 1177 3035 9287 9435 3850 8300 6748 1444 3921 5987 1672 7099 2935 1062 8226 6718 3374 9147 5966 2322
1745 6773 3809 3877 2835 3955 2241 3266 8549 3911 3958 7009 2648 3821 7396 8730 9235 4722 3968 9918 6725 8921 1976 9774 8836 8043 7240 7213 1012 9965 7887 140 2131 3394 5576 3715 9695 1268 7659 7399 8381 411 409 9665 3796 6804 1211 4851 4583 9426 7350 7296 6637 248 7948 5549 2557 4346 3762 87 1898 6063 8834 9738 508 440 4256 5363 8367 8968 4763 9933 907 5376 6303 7596 6372 3560 6482 4610 6045 3593 7378 1614 1491 4663 7411 936 2446 2023 8019 8596 489 5646 8650 2374 2531 6519 7831 5428
5818 386 2747 3423 9061 9741 8047 8546 4233 2844 5360 9725 5814 9839 6971 7739 6432 8939 5212 9442 7339 9399 8205 5128 450 7470 3371 8553 4317 4546 1752 2844 2608 5973 2750 55 8942 6128 3607 500 1323 5436 7755 1452 7979 1188 4369 794 1740 7761 9295 1786 401 7348 5885 8657 6362 5599 7072 683 4136 1671 9749 1863 6261 9587 9196 4828 7520 7719 5734 9773 7973 7068 7855 2201 120 1618 502 7747 685 8477 3097 2510 5712 938 3205 6686 8040 8093 8460 3474 9342 8146 1322 7713 4000 9822 5669 7539
2231 3931 860 1693 2891 7354 3594 203 5923 408 7060 3849 6787 183 5170 79 4520 7492 1110 2695 5383 5730 5009 1441 5339 1936 8742 3840 2372 6528 8201 8551 5124 1240 4529 4414 7372 1431 487 265 3488 6790 728 2356 2423 7206 4249 2505 7256 5181 4228 6649 1910 5889 7721 2189 9975 7724 3347 6615 3009 1137 2646 8862 6834 4407 694 6881 8576 8178 8343 380 9665 1495 1575 5508 9388 6216 1870 1165 861 3499 7162 1123 6828 7388 2795 7381 5826 8194 9619 200 9617 8755 3608 8778 3370 921 6071 1149
553 8757 1533 6801 8822 8891 8992 1327 1016 6180 4840 1392 4692 6210 3321 2804 5151 2465 4297 911 7872 8162 329 4248 5414 377 836 6472 6176 5093 6057 4544 5703 376 4199 8687 319 5835 7809 691 2727 5169 5082 6868 2649 1449 3218 5036 8637 5165 795 465 9297 1692 7966 6474 8162 4390 1777 8382 7716 6436 3339 2055 7245 9161 2964 6354 4950 6226 1001 969 3932 6597 460 1280 1977 6133 4685 5759 3602 4579 8988 4898 1457 2005 7035 7661 4748 2039 4875 8899 2434 8637 6836 580 3814 7533 860 7629
8742 4409 9718 9504 2897 4929 162 6659 1420 8697 8533 1463 6077 6745 1864 2541 9295 8514 7843 5608 2104 1899 3995 3076 1730 2285 8704 8215 7360 9437 1492 177 8653 8652 5839 2607 5839 5744 1515 6619 3078 3295 8979 2306 7856 2479 2630 9901 6140 5582 2407 4956 7675 5546 1332 37 8730 5074 6301 387 1967 3797 4672 728 9694 4234 9424 7847 7497 4816 6499 6168 1840 9824 9085 2551 1038 5049 494 6920 5518 9345 515 5650 8360 3224 331 5934 8685 2545 6918 714 2072 5494 5141 7501 3729 2661 2217 7927
3620 5362 2727 8183 3107 8870 9314 893 6724 3993 1451 5868 7153 5530 2641 459 1080 2620 7234 7443 7375 9815 5381 9961 4502 3603 7866 4560 6585 730 6351 2714 1415 3442 5392 9320 9886 9006 5882 5806 6955 9945 3011 1417 2436 52 4682 129 8377 2068 2287 3631 4085 1451 5644 4474 7076 9199 1001 2076 1369 8833 2493 1893 2124 4046 3131 3320 8064 7242 3848 8034 8690 3358 3948 2993 3959 6025 7798 8458 469 8092 1880 753 8604 8687 7053 8553 2561 9967 486 86 111 4957 5315 1724 4346 6818 8772 8197
1947 5763 3709 3232 3093 6558 5547 4816 5894 3150 8292 4458 4424 8596 1322 4227 6694 6339 5070 6383 1877 9484 3880 1764 4808 6300 5067 7855 9920 5898 4355 3376 8949 8899 8203 6743 2982 7139 4966 6292 1591 5620 6069 2536 4142 5911 5663 9091 8426 8214 8801 7370 5821 5133 8776 5605 9097 5554 5460 8365 3483 4945 2490 2375 9527 3682 2126 570 890 8898 1673 8720 8801 3700 4049 7428 9509 1106 4928 8173 8920 9108 1003 5522 3164 5416 13 356 7939 8024 7026 7473 5038 1717 2739 7015 9151 7632 6533 602
2124 1478 5517 4989 7401 5414 7950 4990 9650 6059 9339 1883 4015 3917 944 8720 6124 2363 8602 1516 7305 6693 134 9544 5857 169 7125 3530 2733 5978 8212 1224 7328 4816 8104 8314 3387 7752 7792 2301 8181 8663 1274 7687 7569 8166 8903 1748 8753 2717 940 9499 2366 7910 3276 1876 312 4337 8395 7257 5310 6635 1822 9035 5195 555 2984 1069 5772 5314 6112 2558 8176 4468 5641 5080 7550 8613 1960 214 5027 6559 2464 6800 490 1161 8134 6962 7970 2714 3362 4653 1135 7852 3971 8559 1276 1945 8887 9106
9371 846 3740 871 6452 5938 4036 3539 6559 8912 4926 6034 562 1323 6153 9919 1539 5722 6442 5233 9501 6979 235 2296 9384 6128 7087 4609 6571 3451 5435 4770 7225 9195 106 4773 1396 3343 9936 3018 1713 4658 2048 6648 5033 3468 1433 1765 171 4233 2291 2040 3023 9372 7879 2908 5464 5674 5227 9449 9209 5594 1438 455 2581 2276 4630 9946 3208 8442 55 2879 8901 6550 2729 1975 4306 2939 2983 3705 2781 2984 4433 3358 8026 3294 7357 5512 8557 2024 6304 927 2016 985 9508 8937 9710 3126 5518 6837
7667 581 8298 9688 1997 3797 4026 3417 4022 7376 3268 2896 8034 405 3562 9807 9096 7317 5033 6673 3853 5836 8364 3204 1918 8385 7152 2556 5063 8820 7459 3997 4001 8439 7335 3046 9564 4796 4272 9085 2162 3798 5929 9588 8536 7198 6390 7254 6163 7403 9091 2186 5993 5051 3063 3442 9338 5321 8455 1446 9749 9489 2925 7840 5270 9155 6152 8678 7208 8856 6487 1715 7323 9127 4435 2025 649 7385 8157 9795 3203 3101 321 2244 9965 6481 8411 4619 1492 3925 5508 2437 3275 8054 8987 5845 1787 1855 6333 9772
3183 2224 2271 3502 2039 7882 7054 5474 1265 7950 3712 3800 7868 7447 8445 3557 9370 14 9736 5032 1632 9709 7245 9523 3935 3117 7892 137 8800 4865 1490 5010 7309 4874 7082 1237 3849 3036 5336 9847 4693 6573 616 4611 4880 9861 4605 5962 8737 9184 8121 5703 1657 2247 8111 2580 5227 7765 8361 9738 2559 6293 4534 8550 7360 4568 1816 3701 6447 2219 5436 8249 8513 8927 5348 5994 4452 5539 3655 8078 7063 9732 1892 2989 9090 6444 547 6114 9175 4728 4194 9070 2804 1993 6847 3397 2353 3095 6391 2292
3845 4398 2309 6355 6054 3917 654 7905 8190 8634 9481 4867 798 6331 7867 444 3474 5272 8055 2056 9983 1058 9406 9128 6120 2988 4418 9727 7831 4769 8690 1450 7629 2218 6880 9253 1448 8619 5898 9927 608 9541 8545 1772 7584 5698 395 6549 1338 661 9764 1424 2497 683 6927 6942 7102 2445 8965 7594 539 6657 3226 9351 6816 9992 6832 6718 424 2575 2595 1576 936 1637 3640 2227 8335 8372 1541 58 7428 3672 4005 799 359 9010 8999 6841 9224 8584 9952 827 9654 6701 9341 6689 8612 5575 2743 1840
4698 963 918 6699 9589 963 6543 8713 8606 1882 764 2181 9204 4901 5667 144 9147 1287 8808 1993 7880 8969 3200 9184 113 2256 5744 6382 7319 1683 679 9178 5271 9761 7016 8432 4268 4350 9321 3134 9933 9391 9258 5142 4125 7426 5352 1017 1098 4761 4092 9306 5828 4728 4853 9549 6204 9569 9062 8393 6203 6033 8311 9215 7209 9276 5259 8422 1773 6071 4709 3299 583 1798 87 2979 145 7061 8086 117 5160 1345 4845 8569 7269 7297 7620 4210 433 7853 7378 8641 7473 8879 7446 8494 1602 1289 6255 981
2561 2548 767 9046 7718 842 773 1904 8767 7526 5708 8245 2134 9818 3609 896 5567 8757 2207 9141 5758 1175 7333 9753 1534 6609 2471 8999 5235 7360 6950 6225 3290 9413 7818 6583 4669 9877 6850 7934 7166 5009 3365 3863 2973 5957 6167 452 6550 428 2957 3315 9383 354 9 3608 2542 7184 868 2537 5535 2893 4134 8938 9689 750 96 9509 6692 9259 5214 4956 7695 6431 6484 9580 4584 2370 7182 3493 4149 1883 6160 3001 8568 5681 152 5891 8830 2534 6968 6428 8835 2192 1601 2011 9296 7222 3303 4395
4854 8181 3266 6909 4232 8985 8859 2996 2083 4685 7266 1228 7225 5828 8324 2249 3859 7992 5566 6945 7179 3309 9370 2080 475 1966 1700 6084 2292 4221 671 7376 1689 4401 7867 9579 6778 7878 5194 8581 6498 2002 1545 6598 8937 1354 9371 117 7995 5698 5186 1055 4594 1779 7293 1303 5514 7257 3594 7698 6727 1251 849 3649 4118 6732 794 4892 9975 7801 8196 6960 6832 315 2362 3244 4989 6346 3586 8481 9567 2464 9711 3177 3001 6300 8038 373 4467 1013 548 4368 3924 2366 778 8942 3477 3227 8108 1963
8027 9967 7437 2175 6197 7757 9889 1920 3132 6682 6229 474 7346 4259 6206 2468 5462 875 5587 9191 5686 4465 8134 3322 1723 9167 4192 6173 5721 7416 6454 5090 7964 8988 1189 3541 3945 8616 7861 1107 6051 8036 6389 4526 8404 1803 5073 6963 2203 3718 8709 8689 5211 5988 8142 5835 6027 1119 6127 7788 4731 8307 2420 474 2353 8644 7486 9566 6974 3100 408 629 4183 2451 8057 6336 8485 3032 9950 9980 1266 8280 3388 3835 3787 729 5311 2750 3368 6655 6382 1556 2414 6559 5156 6727 103 4941 9969 809
5176 4625 4226 2505 8609 7387 283 1977 9168 2940 9833 932 2573 72 4885 3936 1704 1824 752 1595 308 5146 2725 7387 7611 7417 3553 2762 7465 1763 6009 8710 8726 1970 113 6205 2431 3640 6686 4223 594 9351 7894 819 3284 8729 2820 400 1561 2824 4155 4866 3866 1558 351 1035 7590 3572 2831 1274 6939 4812 137 6822 4867 9667 1407 6298 6151 9460 1535 5643 8747 2731 3516 5170 1304 4153 7842 1024 7727 9829 6641 3171 3462 8744 7382 8909 8575 3741 5438 3750 1254 5107 6861 3709 3656 8311 4205 3701
997 9301 1421 8658 177 6101 5987 5445 6012 9241 9129 4908 3597 1654 4902 511 5469 6814 4329 4970 4095 9572 6455 4680 6929 2986 2259 8188 5460 4694 1308 6776 3333 8842 4636 8627 4658 7615 3884 1544 4609 2039 5133 74 8725 1446 9967 8640 1157 3979 5754 401 9900 8451 8984 3997 6788 6841 2947 1176 7908 654 2447 6687 4637 2319 84 8938 4316 4684 5127 5902 3307 5319 1830 7785 4590 8854 6133 6384 4993 9724 9321 3674 3277 9597 308 4052 9299 8034 5540 4537 1787 1119 5617 9331 3663 3332 1178 8440
5359 6099 3739 6569 5085 1537 50 9701 2094 8961 1680 8169 4060 4127 2998 5667 5287 8355 48 3047 8327 4549 6409 1919 540 2626 9469 4116 7772 9616 6887 6008 373 9658 1254 4027 6781 3304 9621 4495 8326 4229 8359 1939 1832 5335 4350 5812 6590 9738 9610 5416 6341 9188 2078 3298 7514 1742 7976 3235 2496 9523 8255 4431 2519 9780 251 1799 1813 5740 7317 8429 2344 7990 7136 4411 1695 7592 6225 9176 784 6926 6179 7695 2891 8209 89 8235 6608 8138 2313 5894 9405 309 9335 2702 8744 7911 8635 1742
9299 8321 3654 5145 839 5493 4860 4348 7298 5823 2394 1765 3857 9784 5384 2979 4882 9972 9801 9997 276 5886 1011 9298 2198 6789 6073 4284 9500 2885 6832 7937 9292 5687 2046 5627 6541 4643 4257 3210 3860 8608 8176 2950 5274 7658 4119 5546 2604 2241 988 8925 5562 5683 2677 5285 3014 9785 9695 8778 6828 2103 8717 8249 687 3493 7537 7086 8873 7768 8454 8961 7317 6495 2469 7187 8002 9091 8941 8731 6940 6787 9710 3130 3502 6418 8837 1827 2523 2088 1835 9972 5218 7736 7962 7179 4260 3566 2877 146
8938 592 7326 1043 7108 4628 9820 2463 9146 3833 7364 1766 4139 4021 2414 9412 7204 9850 2282 4664 8201 8380 6069 6086 704 8996 6188 9952 5193 9429 2059 7118 9073 9941 9446 6432 972 1820 9059 1657 7613 3039 9453 7659 4277 8180 5304 95 4201 6621 7307 9127 4107 5630 1013 8118 3020 5626 2245 8988 367 2038 2731 687 4317 5753 1406 3547 5467 8075 2350 6164 4043 8935 3919 4982 2657 6566 213 2436 666 5929 5706 8993 8895 7226 6948 6394 1715 8591 770 3830 9045 2568 8117 9296 8843 113 2733 4543
4002 4397 8652 7681 4563 7853 5272 3878 1639 7105 149 1120 565 6462 609 7987 6477 6200 5156 4708 774 9215 6888 5173 4547 5364 8229 1527 2264 9762 1973 7783 6844 9113 6717 2203 2413 6146 9968 5097 5124 3839 8822 2222 6891 5036 9208 3305 5684 4814 5791 7330 3129 466 4415 9344 6530 9940 647 9715 1113 1599 3814 1566 1845 7231 7940 3324 9814 8341 3666 1374 8381 9649 7451 2410 294 235 4238 5512 3173 8025 4589 6923 1255 6826 2439 801 4420 3918 1980 8650 939 7931 9728 358 6968 2098 4343 8374
6850 3939 4917 7973 6086 6314 4973 9334 9411 7709 744 2557 7246 4961 3450 547 6175 9805 7458 7906 7027 3966 6143 3250 11 2768 207 5166 967 2934 3821 7971 3488 9153 550 7335 9433 5146 1966 7731 5565 5679 6172 1279 9404 586 4150 3609 7166 7902 2020 8409 1316 3985 3298 4639 78 2237 6198 843 7494 2459 3836 158 7116 5592 218 5657 2380 5026 1690 7724 1093 3865 1934 3440 7162 6144 1918 9918 791 3085 3860 4064 3665 2615 8062 889 8692 2350 4040 3970 85 9440 4431 1719 3181 5589 5940 4648
