17
100
100
3022 4624 4848 8094 3350 6714 -1 6364 1184 -1 7517 2831 5707 7382 6617 9180 3169 4682 2367 4152 6458 9596 9235 1510 4512 3128 -1 5698 8634 4480 4399 8299 7349 4695 -1 956 9447 4411 1613 9018 3112 4018 6928 1739 5418 8163 1011 6545 3866 6184 -1 112 3974 3375 8380 -1 1224 8955 7488 8311 4144 5620 1869 4883 -1 1455 1472 7608 588 6578 1357 6212 9604 -1 9829 7357 2861 1038 -1 7668 -1 8514 425 8488 1546 1592 7598 -1 7667 7413 873 1259 3886 -1 3025 9153 5118 -1 -1 6394
318 8330 3291 -1 8661 3127 5892 8572 8903 7682 -1 -1 8720 -1 2433 -1 5443 4177 -1 3352 1555 808 -1 4519 9346 1526 -1 -1 5283 -1 781 196 4009 4186 8002 5173 64 9782 7070 5517 4700 2845 8624 6870 5898 8190 2721 7903 6714 -1 4050 2107 6934 2205 3946 266 6735 8232 1946 5112 6032 6286 8658 2672 1465 2970 8385 8776 9162 2677 -1 1246 -1 629 -1 7943 3884 -1 9924 9119 3972 2559 7010 7981 1363 5144 -1 2501 9261 3609 -1 917 463 5421 2127 828 7813 7374 5092 9158
2278 9802 7426 7637 4672 999 3371 7559 7974 6954 2921 3834 3761 2788 3004 -1 5852 2462 3497 9519 9239 3033 2477 5113 1761 6287 8418 9283 -1 7142 600 9781 2275 1266 834 3173 9416 7972 243 -1 5282 7041 6841 8172 3620 4332 4671 -1 9621 2165 9375 930 1763 3401 6178 8379 4312 9091 2924 8637 2256 -1 3355 1826 7292 3179 7190 6059 2284 3856 6117 3962 526 2428 5339 9611 2756 3258 8127 275 5960 9034 8029 7724 -1 5252 376 1508 6775 7742 8417 6927 8656 -1 2858 6242 7786 2847 9705 8848
3140 996 687 1991 2353 4130 3571 1438 -1 -1 3362 8503 3434 -1 8655 -1 219 7019 1682 -1 2346 6238 2791 5797 7075 2843 1112 -1 2821 2065 8611 6539 5845 9393 -1 8883 3790 1309 2123 9067 8611 230 5411 1183 5166 -1 4627 4965 3298 -1 9249 2821 9583 6554 8089 4021 4146 689 9650 6290 5023 958 290 -1 4460 5210 9197 5557 3829 2084 -1 1876 2923 1199 -1 -1 6282 -1 3738 7082 9794 -1 9079 6778 -1 6724 -1 1115 -1 6504 7405 8403 1513 1374 758 8702 5419 1438 9622 7233
6963 2687 254 7028 -1 210 -1 700 1293 4395 -1 9447 8596 5934 4264 9859 6088 2747 -1 7619 37 5824 -1 481 8231 4531 7748 7200 995 2701 2562 1944 3455 3149 6958 7553 6071 -1 7208 -1 9648 -1 1980 5707 6674 1478 5870 5510 3332 9029 6530 142 418 4051 890 7991 8207 -1 6005 -1 3860 9071 5464 -1 4200 5442 3512 5383 7660 4620 -1 8180 2785 8809 4994 5058 383 9808 6900 7343 -1 3958 9057 -1 -1 1824 2913 9133 1387 3365 6161 3272 6895 9879 9029 -1 -1 9241 -1 8447
-1 -1 623 9683 -1 4287 158 -1 1280 3637 5916 1211 5350 -1 8832 3984 -1 7990 6603 9691 7940 1727 6193 6406 1731 2006 6176 5109 6743 4773 6656 6252 688 3508 924 7434 9120 -1 9313 694 6772 1742 6229 1057 9538 7648 1 6188 8022 8441 1544 7408 6040 -1 7680 8566 8847 3566 5840 6377 2555 9191 -1 4151 6364 3399 3753 4966 1553 8824 1257 3974 7214 5302 7133 23 1239 2653 2573 -1 -1 -1 -1 7153 9573 6166 5182 6872 4304 7705 8658 9202 3049 6798 3102 -1 3569 -1 -1 6685
6289 7968 2395 -1 1671 4869 1445 8210 6792 5970 3235 9481 -1 1159 -1 588 -1 8713 9680 6614 3321 8253 2227 5513 6623 9018 4155 6286 -1 3982 4989 4430 8139 9736 1713 404 9339 -1 -1 4936 7055 3618 2577 2664 7102 2518 3767 7131 2536 1720 9344 3077 2905 8246 6384 2575 2146 7547 9758 9622 837 -1 170 4293 6857 567 2777 2869 9050 8675 804 2117 4592 744 4035 706 9069 973 1385 5883 9559 7874 4632 3243 -1 6955 3042 623 8906 9824 3494 4672 1705 8614 8415 -1 -1 8510 1543 8609
-1 8349 8104 8686 6475 766 -1 -1 4654 4613 8870 9078 6603 4969 -1 4173 -1 1484 4618 332 5296 1005 -1 8345 9358 8907 2083 9634 2587 9060 9185 8824 3501 198 2756 5897 8775 1032 6218 5094 4386 9013 1826 -1 4280 -1 5682 9797 3532 7335 5459 4327 1316 2193 6316 -1 1391 4152 4338 9388 2417 7382 1249 2957 -1 -1 6242 5483 3846 5060 8399 2401 7169 6653 -1 8610 9320 2539 634 3634 7606 7551 8517 -1 1889 4065 8880 509 9549 -1 3822 1721 7713 9192 4053 6894 6579 5606 1035 276
8025 1776 2890 5878 -1 6491 9210 5126 3708 7284 4884 3444 9820 7764 9361 1814 -1 546 354 9839 810 9030 453 -1 1058 2288 8641 2149 5775 -1 7222 9290 -1 7920 5367 8177 3508 8081 6812 -1 8034 6475 4702 4376 2760 6912 102 2598 537 -1 -1 3632 8098 476 -1 7134 2195 2666 8536 4187 9866 -1 549 3121 -1 4180 9983 8230 4870 4287 8894 -1 1956 3713 6056 9116 2932 6365 5514 5278 5499 5356 160 -1 3543 6691 3470 2576 1941 6866 3254 8015 4182 1802 5341 4598 2420 9626 7301 7910
9978 6561 7391 3905 1436 4293 1469 9576 1379 3029 1887 -1 4244 609 6097 1625 2824 3653 7150 -1 -1 4724 -1 3415 1959 6613 4580 -1 9417 5499 737 1717 -1 8663 4890 2179 9043 -1 6064 4253 3790 6653 5236 1232 2917 808 -1 1664 5223 4844 3720 8455 6367 -1 2789 8004 -1 563 7198 2440 9232 9385 1864 6357 954 2342 5883 -1 5889 5141 1674 -1 1820 8107 1463 4019 -1 9002 719 9684 5092 3006 3802 -1 4680 9749 -1 1173 8472 2988 7082 6873 9618 1369 -1 2043 2321 5307 6125 4288
1904 3581 4320 -1 238 -1 -1 8241 9185 2876 4499 4238 9748 4610 6448 2529 5411 -1 5751 -1 868 8934 -1 7567 7810 4740 982 8364 -1 6080 -1 857 -1 5466 -1 1617 8154 9035 1928 -1 4958 3277 8368 -1 7608 5281 8512 295 9460 2730 9060 9997 7323 -1 7062 -1 -1 1608 7088 2910 -1 773 8505 -1 818 1023 -1 7476 -1 9525 9383 8726 4602 9253 4316 9673 1406 2973 4788 9384 201 6956 6850 -1 9497 7213 2712 7030 7848 7864 9660 7921 240 2407 8783 -1 9764 3216 6611 5765
-1 8983 9270 1020 9560 8993 -1 7155 8634 2690 5626 -1 -1 2359 1135 2011 8449 7172 209 -1 6931 7701 -1 7380 5455 3866 948 7 3874 -1 -1 4903 3847 7879 2241 7591 5213 8015 5348 9563 312 3943 -1 9906 1616 -1 4032 6367 898 4614 1280 1819 8729 -1 2475 718 5390 6405 2079 3175 96 4523 4422 6958 -1 1106 -1 4997 8115 -1 8303 2217 5655 1467 800 9441 -1 5903 -1 510 6565 9468 6589 -1 3992 1419 3288 -1 -1 2358 7057 9632 4827 3113 2996 8891 4359 684 -1 7959
8422 359 1583 3185 5766 8849 4893 160 1678 -1 7221 -1 7741 8689 2229 4070 1910 9855 2838 4918 -1 -1 5322 4094 4316 -1 -1 5200 2492 1799 8219 713 3983 6296 836 493 -1 -1 1756 432 295 1561 8487 2726 6190 402 9450 3136 -1 2529 7454 -1 -1 7187 8789 7992 670 1204 9965 -1 9321 3876 9529 -1 8990 2476 4868 9179 1595 -1 9854 5553 1470 4033 8219 206 9171 742 1499 9872 -1 5877 -1 7879 8932 537 4110 4599 5331 4594 -1 -1 9121 5071 1981 369 2211 1630 681 2710
8321 6798 9964 2307 7011 513 -1 3619 -1 7731 3854 4191 238 504 6741 -1 250 3716 5470 6826 -1 3868 8942 -1 9035 3695 5134 56 -1 3614 5095 1447 2238 547 -1 2097 -1 -1 560 3322 9688 -1 1158 9890 -1 7936 8421 8655 5671 -1 -1 1452 4460 8659 9919 -1 747 9273 2042 1306 9891 4978 5906 8932 6276 6931 7676 6488 1048 -1 7498 3554 906 7510 3212 7767 1289 5132 6180 8547 8849 1621 4782 7710 6770 7015 -1 4153 4681 5280 7536 2994 -1 3780 3414 8807 1012 -1 6865 -1
7192 8749 3515 2402 585 4694 4694 -1 -1 -1 6295 -1 7430 1811 7120 704 1812 7714 -1 2629 591 7538 5581 8928 8183 5120 2625 9760 7692 5318 3497 9507 -1 -1 2758 5366 4103 7572 5134 -1 346 7925 5831 2955 -1 5755 5373 8735 6580 8114 2935 5556 9505 2449 -1 9499 5031 9217 5850 7877 5204 7714 4281 6115 4154 7059 8016 9480 -1 5269 5089 1448 5477 5569 5696 1404 1111 9381 8614 3210 2567 7255 7515 8679 6189 1945 760 9072 158 6082 3815 5906 3749 4631 3417 6297 2216 5926 4495 1029
1871 788 2691 4091 9810 -1 -1 1407 554 -1 7186 3741 8480 4044 3448 963 198 3494 8148 5233 1900 4556 1431 9515 5584 2420 -1 8887 3373 8753 6153 -1 -1 9962 1182 -1 8701 242 8467 7617 -1 6115 -1 7621 6431 -1 1480 671 2405 8603 -1 3118 -1 5199 -1 9022 6483 9792 1232 8298 850 9999 1475 7667 8660 6827 5109 9150 937 3751 3820 8767 2050 376 -1 1267 9826 1066 5276 9283 -1 6616 1123 1855 4997 -1 9336 4873 9408 6445 8581 1377 4246 4858 -1 1420 8043 49 8945 3502
4464 4956 2730 9664 -1 7241 739 4221 4678 4456 -1 2493 7713 2398 6853 -1 9384 3874 6243 2754 7680 -1 2700 2793 3677 5569 9289 9827 -1 -1 -1 7827 5564 7831 9948 -1 5682 2765 8545 7175 1806 361 5216 -1 3464 6223 3740 -1 5785 4517 2155 2327 7023 2092 4674 6638 2391 8263 1318 -1 -1 6879 521 3342 4666 6588 2066 8748 329 306 3439 7489 4900 7725 7478 8786 -1 5005 110 -1 -1 4247 1702 -1 7457 9432 -1 6657 -1 2129 -1 7737 1049 9139 7409 9504 -1 5227 7324 9572
9430 2113 5743 1944 3441 1928 8935 4738 6497 7282 667 5036 8738 5820 9789 5012 3294 5223 6974 2279 2198 2277 1009 -1 2232 52 8682 2888 356 4452 6301 6791 4433 6538 7654 2880 -1 -1 4125 9131 4580 8897 17 7748 8771 424 8247 -1 4295 8225 3089 1897 9045 -1 2108 -1 -1 7230 2224 6794 2697 1741 2007 -1 4103 4958 9098 2306 1187 5187 4742 9448 4822 4100 5619 -1 5842 8116 463 2050 4825 -1 6944 4992 6048 9069 1332 1882 2124 1054 3085 6496 4783 -1 3914 251 1329 -1 1855 -1
-1 3255 -1 6100 6490 1443 3141 4128 2153 7315 7631 7600 1512 7681 5421 5754 8974 6347 8243 7793 -1 6704 3110 3585 -1 5945 7136 -1 8187 3368 5959 8939 4860 5833 -1 5007 964 8770 5422 6505 5569 787 5849 8977 9382 8390 5944 -1 1065 5619 754 4979 6527 139 7540 4017 7733 3352 8696 6521 9572 4930 8959 -1 1713 1730 5813 964 6765 6088 6969 8108 -1 4306 7120 1081 6059 -1 4616 2434 5440 4437 2175 9618 7576 2114 9835 7500 7317 6482 203 2902 -1 7674 2378 -1 7061 3663 701 5985
2786 1194 7081 -1 1187 4046 8914 574 1791 4769 2739 4576 1467 1089 -1 4256 9174 -1 7560 9491 -1 2886 1382 -1 5219 1847 9170 1524 5039 1208 6346 7286 6415 2071 2595 3258 -1 9240 6686 6570 6024 3371 4533 -1 6350 2148 9057 4103 2876 9213 320 1551 1349 -1 6576 6463 7023 5611 9529 6692 2084 9673 -1 -1 -1 8197 8147 2546 2509 -1 470 779 1063 7346 6713 5813 3939 2603 4667 4211 1249 4734 8917 6663 5339 5599 9801 341 9629 3874 9459 1140 4949 -1 4742 184 7023 7102 9301 4531
5528 9125 8532 5788 1138 2044 4665 -1 -1 3725 6953 3957 8433 -1 937 3505 3416 2710 6196 -1 9960 699 9219 8872 3437 6223 4378 2371 2060 9119 -1 1817 7542 6962 369 6434 1801 6430 9874 8244 4050 1715 3815 3467 9262 7981 3001 2106 8743 2008 305 1405 -1 123 -1 5005 5095 2084 3315 5340 -1 8121 1323 6835 2495 3410 6286 1055 2843 8529 -1 -1 -1 3402 1486 6672 835 9936 2753 5347 3698 3701 1877 4475 748 -1 8232 37 -1 7300 4124 5339 1641 4265 4230 4298 2490 6659 5843 8155
9495 175 7711 9822 6850 533 9621 5871 3139 5921 3646 793 2102 -1 1811 -1 781 8612 -1 1601 1903 9563 46 7228 724 7285 -1 -1 6690 2329 4151 5966 4540 5546 3370 3594 -1 8013 657 2508 504 7751 5991 -1 805 7174 9049 8290 6792 -1 2943 4704 2050 -1 7078 4210 -1 1192 8082 3781 -1 2896 1561 7863 7786 9012 8770 8907 5943 6621 -1 9229 7750 903 5670 2215 5109 -1 8614 -1 5705 7529 3875 3088 9757 6882 3373 7949 1757 9080 50 7854 3333 8329 4249 7969 1743 7001 1507 2435
3505 5088 5378 5275 8274 4793 25 6270 843 4756 -1 -1 9389 4605 743 5182 1994 488 1396 -1 4923 6993 8345 6991 8811 4559 1743 9243 5256 -1 19 2512 3496 12 9760 2315 1736 7500 3030 -1 1395 3748 3839 3988 -1 -1 6024 2006 7182 3619 -1 3824 7969 8324 7546 2472 9293 350 5439 6053 763 5755 7252 1239 2939 -1 5321 8302 6883 -1 4066 840 1203 4770 927 6494 7752 -1 7857 1461 9843 6339 9549 4442 6172 4664 1444 7789 7213 4444 4687 3273 3471 4905 398 -1 1957 -1 2770 4799
-1 9286 -1 1652 5772 3706 868 8631 4324 5911 -1 5033 2552 7408 2815 299 7813 27 2227 3814 7491 -1 944 9001 1126 9220 438 5998 -1 -1 5365 2888 3159 3912 135 9389 986 4368 4883 3557 1502 1185 1856 8612 7535 3188 9708 2042 -1 3944 7566 -1 7452 1027 3885 7553 7319 6469 3120 2959 735 3888 4717 2708 3238 7713 6188 3686 5169 6032 7237 9273 6253 1815 7242 -1 9662 -1 1045 2621 3965 5140 638 -1 5025 7849 1131 818 9111 8216 8338 7778 3429 -1 6675 9527 1197 7626 5789 2787
8133 -1 3836 4840 4753 -1 9179 2552 4474 5017 3692 3595 2305 4142 6316 2622 7411 6518 1117 4033 4498 -1 -1 3367 -1 5605 4800 2930 4817 471 9898 -1 626 3558 8185 6975 2676 1596 9744 455 2248 3609 -1 4019 930 2462 2700 9363 6171 3591 1166 6593 6863 7440 896 4975 5590 131 3326 -1 8195 5985 8159 1695 5292 2111 1391 144 751 -1 8744 358 2422 5037 396 7505 9765 2159 1401 8034 7681 247 4649 7993 5367 2729 4559 6714 -1 7335 490 9760 -1 9112 3121 444 -1 3000 3881 3812
9908 7984 2933 9951 9768 2114 2417 -1 4593 4060 9675 6905 7795 2631 4855 8247 -1 -1 4336 7025 1211 9582 -1 9773 5121 546 4383 9624 533 2337 -1 -1 2852 1010 9244 -1 5713 1716 -1 6760 2101 1841 9584 2700 3310 6102 8774 3246 6968 -1 3630 1668 3616 6949 4028 -1 2664 -1 6231 9398 -1 9381 9151 247 3361 6486 3952 9697 7599 4986 -1 5543 5452 2677 7199 1583 -1 9569 2501 9713 5026 5072 3770 4419 1348 60 3741 -1 9413 494 4053 2715 -1 -1 7297 1685 6618 -1 6288 5280
-1 87 -1 2589 5033 6029 8032 7140 2694 7834 7912 9221 1467 2061 205 5593 8977 4667 -1 6041 524 3709 9800 8731 640 1282 5841 590 3512 291 5054 -1 6084 2370 4733 4 2284 -1 5194 5821 -1 9489 4404 8448 263 3876 7288 8909 -1 4121 5147 7387 8172 3742 2216 1596 4303 6879 4268 1213 -1 2720 573 2081 2923 1254 -1 2112 -1 5002 6565 -1 8187 7619 -1 6295 -1 4070 5595 7053 -1 2486 3829 7924 5361 6544 5644 2047 4135 1819 7011 5135 6832 8817 5351 1337 7863 7895 -1 2539
2221 4731 -1 -1 9607 3844 2503 7569 8491 1012 6175 1957 1062 6261 2925 -1 4166 -1 3650 4324 5786 9713 7104 -1 526 9642 -1 9658 -1 9575 9606 -1 -1 7899 417 437 1643 -1 9129 6173 7940 3263 -1 1404 8107 -1 2509 6111 8992 -1 8077 -1 4703 9257 7965 2670 7391 246 4223 3532 2335 5208 4680 6412 -1 4518 -1 -1 8314 4633 5370 709 6160 125 9882 -1 1622 9308 -1 7722 5616 1000 8560 834 4655 6180 5284 -1 151 6724 2042 1063 1662 7652 -1 874 8174 3226 505 9944
652 -1 2337 -1 6507 3721 9966 8094 8132 2907 17 5104 3791 6667 1223 4404 6812 5464 6529 -1 5201 8362 -1 5614 3428 8503 1387 -1 7783 8114 2975 2839 -1 2553 3870 -1 -1 1448 5895 8515 6063 1657 7922 4269 9171 4983 -1 6416 2897 829 914 2610 8406 1189 9468 1595 7987 1562 9393 2213 -1 1986 5266 301 9739 7092 3884 5909 6395 8161 4037 5137 6523 7834 9193 7813 707 9313 -1 889 42 3003 3551 -1 7821 8422 8230 5186 9190 900 9968 8507 7957 -1 1395 5260 8341 8230 484 9574
1074 6408 -1 3809 9390 -1 6530 4632 2186 3814 9047 3637 1314 3529 6179 2604 5626 5648 9291 3847 2169 4051 5239 1289 3353 1703 7204 2072 3186 2233 2416 -1 -1 429 8403 -1 -1 -1 9428 6056 8915 8408 9591 8321 2659 5256 5565 6747 -1 8294 9783 254 1792 9752 4878 2434 3116 3697 6298 8679 8391 1938 3937 2089 3383 -1 1508 2267 878 9889 6199 8481 5733 7869 817 4576 2237 7397 7138 7048 -1 -1 2424 3115 -1 7833 6450 3068 9108 7396 5816 9525 1922 8366 7860 6024 2369 8906 1883 4874
7205 5689 2976 -1 5759 6505 6797 3371 4985 -1 1447 2167 5323 1427 5130 3495 7851 7693 7890 2336 -1 2912 7125 8177 9334 9333 9927 6697 1982 5244 9894 5737 8828 2916 7364 1274 -1 2950 2825 8649 7158 8063 2696 1599 4878 4450 7114 7396 -1 5139 3777 4668 -1 8081 2412 5071 4863 3538 8792 5951 5736 -1 7151 5256 -1 9631 7825 9782 7991 6490 4187 5323 8660 891 9608 4199 5984 5499 1743 6508 184 9089 -1 1099 -1 7007 470 7426 6353 -1 4323 6789 -1 6178 5906 7030 -1 2784 6389 -1
5375 642 -1 8333 -1 -1 4236 6147 567 7659 8837 3342 -1 6850 8956 -1 3078 -1 6744 666 6808 4508 3574 3772 1170 9786 -1 8322 7246 9512 4845 5420 5234 3333 2441 -1 1922 9647 -1 3974 -1 1293 2831 961 5511 -1 4801 6841 6263 7213 8318 7422 5861 1649 7006 1859 5637 1665 4074 1945 5937 9414 882 7874 9784 322 -1 7168 -1 5824 5918 3845 3734 7328 3908 2247 1090 7449 6939 7896 -1 1707 2294 5387 8582 2893 6234 6424 -1 5070 -1 9130 2769 -1 8546 -1 2347 9819 -1 814
-1 1589 6186 5704 4977 -1 7882 8606 878 3762 5814 -1 1050 -1 5958 9946 8919 8397 4181 5830 3176 449 4113 -1 1987 8021 4020 8130 -1 -1 6283 1337 6511 9658 7347 -1 7035 901 5796 -1 658 -1 7938 5337 4382 8371 9290 4216 -1 7679 3271 -1 -1 -1 9327 4419 4235 3372 2392 2821 8479 -1 3378 1573 9812 5623 -1 2197 -1 627 1038 6949 2333 5406 -1 4802 -1 7322 4499 -1 7919 1829 3583 9737 8487 5315 6075 4068 6783 7166 2832 2584 4783 -1 4837 3746 4742 2751 6453 9151
4186 2284 5718 9248 9897 3458 283 8296 7457 7249 8968 8179 -1 5822 8464 6820 8704 -1 4132 510 -1 2935 197 3711 9213 7330 1953 -1 3246 1025 7564 904 -1 8906 4134 6869 9103 4461 4957 5429 -1 9577 676 7288 5358 2000 1558 7049 4830 4592 5348 510 1017 6982 1838 4350 1122 2912 6152 2035 4654 -1 6863 9721 2477 8170 1734 7541 8354 -1 2754 1767 110 325 2460 1378 3716 5255 5288 1870 9999 9831 8504 5161 268 3173 870 6413 3172 2596 5875 4664 5552 8752 5947 9944 8258 9420 649 4130
7620 9490 -1 9422 5142 4746 1413 7880 1169 1271 6397 5305 5399 7361 7435 4183 5252 1703 7053 496 5123 -1 9779 -1 357 5547 3218 8741 1794 4605 6246 -1 7897 6524 1643 -1 3898 6030 554 1498 -1 -1 8637 7752 7103 4714 869 5395 5295 8921 3761 7885 4442 2582 981 8681 6717 188 9523 3023 5500 9030 3717 3156 1281 1580 4009 4393 7893 6499 6160 9918 2430 6855 5009 8547 3746 5471 6446 6656 7407 -1 5338 5110 9818 4903 4863 4159 1100 7434 4770 8314 3959 5389 2001 -1 -1 1567 3112 1593
8531 2465 1897 2339 4955 7095 7958 8605 6102 1640 6062 6877 9112 -1 6521 531 634 2292 9586 3111 6635 8351 459 6159 9664 -1 3405 7284 370 3628 1870 1032 1961 1140 9709 8512 8039 8995 4805 -1 6598 2325 6048 2497 9565 64 8988 9784 -1 2886 8384 1958 -1 8058 1216 1071 5798 6144 7721 -1 6120 6633 7292 23 1708 2700 8765 2842 -1 9609 2280 9134 6155 8825 7945 6318 5324 1313 5752 2802 4866 7855 -1 -1 1533 8068 -1 6835 5148 9642 1858 5601 1354 639 5388 9616 3230 5829 1653 2236
8637 -1 5318 4917 9949 6022 5095 -1 -1 4215 3500 1198 5903 2043 6428 7548 -1 3865 374 3443 9890 -1 9035 1718 9173 -1 3841 1157 9699 4436 8798 433 5740 258 8000 1419 9810 7872 9212 5773 -1 7235 8348 1785 2371 6680 6022 840 6606 823 5255 -1 4920 5673 6790 8726 8011 7362 4202 2422 448 1169 -1 5007 -1 1205 5631 5322 6326 6873 880 -1 2393 270 1138 6567 4098 5765 9196 5069 831 5629 5631 1318 8043 3568 -1 7946 2230 1739 8157 8490 -1 9696 978 2901 8004 7387 6665 5296
9257 7223 1731 3122 998 6283 213 6449 1063 8460 7886 4967 7679 -1 3175 9391 4219 9431 4978 2118 134 1185 3780 7341 7595 4916 3263 -1 -1 -1 5945 7097 7478 1055 -1 2384 8282 3229 9920 8924 4133 1655 -1 8638 2319 6092 3005 6151 8680 6840 2403 5810 5958 8215 1957 8114 8249 4597 -1 2919 861 4989 1921 4747 4097 6962 -1 5286 2515 3343 9503 -1 2601 929 6543 9385 3120 9309 975 4336 8104 5067 1962 7149 -1 3000 5444 6412 -1 6699 4708 -1 1704 865 -1 5475 7484 1196 9961 6900
-1 7911 6345 4826 4931 6571 3579 1838 4516 8963 6144 7327 6911 5327 456 9769 7790 2758 8759 7928 3568 6602 137 1823 7928 3441 4875 5026 3112 -1 9394 203 6365 -1 2040 5682 4520 86 4435 -1 -1 7299 939 3347 6875 2806 677 9106 135 9122 1099 2429 8056 4902 -1 5251 2114 -1 7394 6469 7791 3339 5292 9781 1837 -1 841 6809 6249 209 8230 2520 5177 -1 7977 8083 7758 -1 -1 7161 1146 590 3806 -1 4782 4493 4020 7147 9774 3718 5227 -1 8152 4943 4420 7653 1464 8968 3133 2320
719 8829 8342 9652 908 5181 2936 -1 2344 4467 1778 -1 2433 -1 -1 556 -1 189 9309 4391 7087 439 -1 2788 4462 8766 7003 9428 -1 6567 -1 9082 9715 8374 4228 3077 4479 6277 6490 527 4501 -1 -1 4131 2269 1174 -1 2166 8749 1916 9103 -1 5432 8816 -1 -1 580 8907 2937 5734 4801 8217 280 -1 2401 1187 9969 2434 4776 4611 9917 4375 2459 9431 9393 8100 5911 4393 -1 1397 699 6984 4426 7560 -1 9698 275 2117 7368 133 8185 4484 -1 2007 -1 5252 7513 8260 112 7562
2683 4784 3161 8702 781 7901 394 7882 1773 1374 6517 420 4190 2458 446 5923 4745 2488 3758 -1 8790 -1 9858 1659 271 6774 -1 8666 6724 -1 9407 -1 -1 363 7239 7604 6130 5268 -1 8593 7231 5597 8313 919 5262 7617 7586 201 1627 1428 3313 3242 1014 6069 -1 9243 7892 7390 5312 4727 9647 -1 2226 6566 5854 224 2518 2179 8469 4778 6530 340 7086 6209 9901 6271 9760 -1 4916 7464 4503 -1 6468 2814 966 6931 7840 -1 -1 8758 5713 -1 7741 4705 7474 6274 4377 -1 4517 5561
4478 3871 3163 8020 -1 1612 -1 8605 4011 8804 3308 1328 9678 7164 3897 1163 8013 7882 8236 9223 6396 1365 1382 3539 -1 7262 7690 8325 8349 1400 9332 8368 2974 -1 5364 -1 3625 8346 9675 4757 1530 9925 2030 5413 -1 4662 8523 3499 7254 5710 4944 9291 3396 -1 3209 5184 4225 149 557 9867 488 6757 729 8386 -1 5917 9612 2191 4142 -1 7792 8534 5468 881 3172 8551 2589 8928 3434 4284 -1 8015 1511 1354 9978 1531 1221 8379 21 8502 1960 9603 -1 8784 4225 5028 9884 5736 5837 8032
1981 7695 3554 8807 3798 992 3280 5220 -1 3615 -1 1959 -1 7791 4406 6022 9297 5986 -1 6289 8674 4877 8136 710 -1 -1 9787 -1 9163 137 5753 8242 -1 -1 9267 9969 5944 8449 -1 4940 2753 -1 4819 -1 9643 4336 3901 5743 -1 7165 8274 5476 -1 9771 8250 782 7906 9463 2799 2295 2866 7110 1940 7979 2005 6161 1455 5512 5715 -1 5742 3873 5768 -1 9237 7173 9886 4399 7472 8191 -1 1671 7763 4137 3097 5789 3472 3955 138 8783 3203 -1 5225 8165 15 6794 7815 2098 -1 9623
7348 7873 8417 7486 3748 4122 4370 4898 2301 7944 3558 6580 871 8369 8038 1487 2475 1894 812 2795 4780 2455 325 1270 5916 2840 8674 1770 3197 4448 -1 8018 -1 9202 -1 1274 -1 -1 -1 6866 7377 1529 1584 9876 3186 8125 6703 9758 836 9430 1357 -1 5510 2441 9541 4697 4079 4071 2164 125 -1 443 3504 5233 -1 8352 8833 6743 9918 1160 3102 6670 3083 7987 7028 8602 3097 6118 3935 -1 4948 8740 -1 1115 8155 -1 -1 2098 1766 5199 -1 8118 2557 5357 9780 8420 6972 6914 -1 5338
-1 6489 4602 6725 7083 -1 5049 -1 -1 8774 8532 8285 2691 4362 9362 2049 8716 1123 -1 231 -1 2757 2369 2016 568 1101 -1 2516 2422 3988 3913 4990 8531 226 5373 3789 1076 9132 5178 2370 4862 -1 7691 5995 9736 3058 -1 151 8345 4180 -1 6385 -1 3842 4053 6618 -1 9055 -1 -1 -1 9318 -1 8323 6339 1011 6497 4159 5007 8777 6362 -1 1164 9247 4396 7987 2867 8565 -1 -1 9661 5960 6730 9264 5188 5042 -1 5548 6416 2778 4316 7657 3732 7415 9423 4162 4896 966 -1 9522
871 6709 5126 1640 4309 6126 6514 8437 3372 2677 1448 959 5078 7343 -1 6184 6384 -1 1549 8210 -1 -1 738 4656 1080 3775 2883 -1 5196 -1 2907 3629 -1 2041 5089 4612 7344 -1 -1 -1 5964 6140 1869 2634 4903 5091 9554 4733 4674 2184 5910 8283 7474 -1 1914 7400 3589 719 7295 -1 -1 6361 3871 8134 5340 138 2276 6782 1699 5986 580 9107 7653 -1 796 1850 7876 8987 5816 8022 1059 8490 811 6986 6333 2659 -1 8917 9660 7238 5302 6943 3234 1454 2157 9751 9252 3553 516 1846
-1 8183 3299 -1 3700 2573 9082 7988 9423 649 -1 849 9403 3182 8180 656 9031 824 2456 8946 8227 7919 4394 -1 5501 4914 828 -1 1289 6739 7884 3673 7701 7650 3304 8084 6307 8805 7004 4168 7895 1840 898 7713 8914 -1 463 3973 7797 -1 433 -1 -1 -1 1239 -1 4 460 -1 5927 8483 751 7857 4989 6613 8540 1289 1330 7985 -1 4819 5989 -1 3068 8840 9837 5796 930 9781 2314 -1 5791 -1 4152 2291 2687 3407 7297 -1 2417 6161 -1 2405 9123 746 -1 -1 8914 6474 6556
3122 4557 407 2481 3318 8636 3821 8990 335 -1 5013 9879 2856 1583 -1 -1 6924 340 2149 8711 6340 5778 530 5703 4851 7289 2232 7556 2015 2229 5471 2171 8596 9532 623 2089 9240 5701 3014 8148 110 4903 1189 2926 2807 1440 1696 3506 -1 8243 2504 9557 4844 1210 8729 5783 3681 -1 4217 4114 9006 7020 7210 4679 4161 5029 4346 4263 1253 7932 6493 -1 7670 1318 2457 7013 9477 -1 2264 5299 6355 8134 1690 1838 7031 -1 5652 472 4317 -1 9878 1428 1994 2297 6356 1493 7506 5965 9826 7446
7732 7296 8883 1673 -1 5169 9684 -1 -1 245 6518 4088 3276 4085 3652 1548 540 5747 5707 3330 6749 4787 -1 1338 2736 3803 1522 -1 8617 -1 8364 7764 6313 -1 -1 8123 2848 8999 -1 7480 5441 1037 579 6342 4022 1197 6073 -1 8609 6291 9058 4749 -1 3138 3604 7255 4661 4815 -1 -1 352 -1 -1 1360 2006 7474 9742 5641 9624 3583 836 2486 1257 -1 193 4622 5893 -1 8954 1400 5008 5560 2776 3603 4027 7045 9515 -1 7432 106 8206 8347 1876 9971 798 5474 -1 8866 8148 -1
-1 3186 6299 -1 2074 5083 1522 191 7628 -1 7971 3009 2861 1393 2244 5600 -1 9616 3057 7157 5611 7673 604 2665 9303 6149 -1 908 6429 6647 7435 3187 6777 -1 5972 -1 7771 8569 1235 2307 4631 8497 9954 6425 7130 8365 -1 4621 6536 3052 3130 -1 3274 6034 7296 609 8949 4007 4549 4344 1505 237 8359 2275 9307 6103 145 6532 6206 -1 955 4262 3013 1614 1407 396 -1 3705 5737 5156 6012 8998 -1 5716 6542 7650 7789 5803 -1 7575 -1 7987 7786 7033 5431 200 1044 1434 819 7283
6215 -1 1621 7599 5428 7546 2841 2391 -1 7813 231 772 9993 2808 8270 1637 117 9539 3060 9064 1770 9947 4820 2791 4040 8430 4976 4990 3846 915 3499 2061 9191 9181 6282 6438 1377 4485 125 4789 7370 2700 7620 -1 8922 2387 6620 4216 6663 2105 6906 4547 991 7669 1733 9213 1544 2673 3101 1115 803 1332 5078 3153 1446 -1 4682 752 2413 -1 1031 9140 3841 9656 2998 6050 -1 4475 4280 7277 1257 1404 328 9349 5312 6020 8862 5559 5637 6550 1924 9888 8404 5970 990 3793 585 4956 6759 8812
4156 4710 1299 -1 -1 9902 3406 9487 6790 5134 2842 6020 2021 9194 -1 1135 4725 2739 1517 366 8588 7867 9262 7657 1345 5342 7658 4040 2248 5817 -1 1738 9179 6175 -1 7537 333 -1 8871 3747 4282 4451 722 3213 1338 5311 539 1198 1527 4155 1082 6515 6189 1614 6059 9191 6321 9101 4025 9974 -1 1871 -1 4733 3795 3462 9239 2569 9943 -1 -1 9422 3511 9537 6248 7003 1126 1253 5447 2699 6710 9314 3665 7122 -1 2959 9860 -1 8674 8608 1498 7396 -1 7345 4780 1221 8732 7847 7099 1602
4439 6771 7686 9980 -1 3784 1912 7364 -1 2756 1728 -1 8556 23 1324 9526 9116 1600 -1 4644 9642 3172 9575 3094 2746 4952 5938 2869 6816 2732 1601 8501 2732 1275 8715 6868 8364 3507 8327 6789 3604 9390 25 -1 5551 4023 6069 -1 4155 -1 1533 826 6257 6285 -1 7497 2366 1320 -1 4401 5681 -1 8774 7013 2860 3740 1668 2287 6463 6271 7233 138 9450 6702 3369 155 6903 2528 7905 9206 471 3621 6696 2290 2987 9447 662 7559 9998 3082 6045 -1 -1 3516 6584 7065 4946 7945 7885 9654
5796 5494 4393 776 8803 4912 6682 8135 9204 1173 -1 9250 8453 9165 5761 3452 9357 6292 6738 -1 -1 8622 6785 298 7341 4058 2431 6647 9545 6495 5870 9 7778 9791 956 -1 471 3561 6501 8328 4835 6952 -1 4979 -1 5558 4176 -1 6980 9131 8794 7739 5957 8971 2671 5256 2978 -1 5342 4205 6661 2237 9630 260 -1 8517 4518 8557 3259 2528 3164 3547 5455 6913 4181 899 9582 7305 9331 3533 2623 7215 706 5845 5197 -1 4894 8982 6810 3234 -1 4277 8461 2486 -1 -1 6002 6444 4424 4011
8282 4732 2530 -1 9395 -1 8277 4190 8322 -1 3458 1657 8689 -1 4957 -1 4473 -1 3027 4561 6752 5120 6002 3156 6208 -1 8552 -1 3707 5296 -1 158 9254 957 7452 5040 -1 3906 7855 165 5969 3020 5696 -1 5350 6848 7557 4095 2557 7100 4820 2955 7904 8056 9294 6121 4505 -1 -1 2023 6335 5993 4378 3463 7636 7038 1814 5595 2202 2665 3395 9360 -1 1478 11 5383 1897 8708 3470 2748 8208 6341 677 6225 106 3538 576 -1 6545 2744 3718 5619 7900 8207 2989 2723 2218 5925 8158 6292
6150 8237 5414 3081 3891 7817 6304 9787 -1 1120 3770 3549 -1 7549 5548 -1 4124 7082 3401 2805 5356 64 1950 2411 803 8016 7232 269 494 6273 8438 2967 2719 4294 307 1183 257 5113 -1 -1 4651 -1 -1 3299 2257 59 8169 5924 6110 8722 7226 8713 3151 7786 6114 7552 9350 7685 3155 9577 887 8423 9879 4165 -1 8720 1937 4437 -1 4355 5418 5097 3483 7679 2341 527 105 985 3454 9087 8251 -1 9907 4178 8183 1873 -1 1036 9773 -1 9663 8981 -1 9724 3249 -1 8475 8823 6385 4853
7736 7099 4133 1686 8004 3444 -1 -1 5499 2516 -1 -1 4834 189 -1 5658 984 4762 3013 1821 5332 6992 6828 9375 -1 721 1057 5948 9962 1063 5001 -1 5226 2145 3851 6849 -1 -1 5387 508 6022 2085 9271 4246 -1 648 4458 1729 6769 9409 5698 5245 3092 2339 211 3867 7761 -1 4974 3279 8881 -1 6370 -1 5567 -1 3244 1081 -1 6901 6020 6891 6177 6571 8621 6363 7374 2128 6590 7723 3081 3015 1178 6352 2391 -1 -1 9760 601 7221 7566 3346 9297 8864 8211 -1 6208 2727 3934 9695
8925 7131 6829 7006 5819 5565 -1 6754 8049 -1 480 6007 -1 4211 5767 7807 6497 7869 -1 3467 4014 8428 -1 2061 3527 -1 -1 -1 4840 6390 6807 -1 -1 9814 4378 9823 3300 5547 2458 6017 8926 2411 2260 117 1596 1076 9634 7721 7979 1060 8157 4233 5404 6779 7381 8013 5095 1665 1466 -1 6044 484 1089 3763 7641 -1 7592 3170 -1 8959 2379 6536 1449 2729 -1 4069 -1 458 7401 4547 5599 5350 -1 -1 8769 5798 4136 7010 8728 3940 4221 4409 782 9950 5896 6138 8180 3118 4558 7547
-1 1780 3781 1146 9039 3640 -1 495 996 -1 1497 132 1118 4008 6863 5055 1527 2857 5849 8932 5447 6649 9143 7982 1322 7982 2526 8212 7412 1172 6565 -1 3791 800 1566 3445 1634 3259 -1 3801 338 6426 2629 -1 2272 7025 8399 6678 2693 4660 6893 4733 471 6177 5444 4093 8286 2113 -1 9186 637 6105 4692 2211 -1 3864 8778 2000 9907 5670 5043 7509 5557 4067 2189 287 8015 -1 2210 9387 -1 1438 8601 7656 492 6669 47 6690 5814 3457 8225 1001 648 9588 9120 6993 1362 223 5021 5666
4931 3894 -1 2651 472 1580 5859 5612 6338 6883 6023 -1 990 2665 982 8499 5481 -1 2578 6333 9404 -1 6611 1857 9374 4308 746 8688 9546 1399 8615 6658 8236 -1 6429 7616 2386 6392 7881 9781 4306 7281 7070 8946 6388 1703 1520 6036 -1 5769 8235 7176 -1 4489 2593 3862 1639 9484 7381 -1 4195 1469 2878 2819 -1 4891 1375 3229 7499 296 3614 4323 1431 9350 4871 2205 8203 5795 9991 1057 6223 8323 9835 7014 606 4708 5632 8066 8010 -1 9357 5463 3614 -1 -1 4987 9337 6749 446 3540
5443 8016 9201 -1 1773 8259 8844 4567 -1 6348 3855 9257 1629 3169 5395 4005 7776 436 3469 8107 -1 -1 6561 4248 8281 2934 2667 9359 4198 8643 6425 1650 8589 9516 4658 1525 169 2037 -1 3824 6530 -1 -1 2989 -1 2775 8812 5889 67 -1 9429 928 7079 6097 7128 1866 2987 3691 -1 3733 -1 1602 4143 2766 602 5918 2541 8508 -1 271 -1 247 2469 8705 6972 4605 1779 1531 9146 3456 7099 9914 4500 4728 2047 9003 7329 420 7725 3259 -1 6815 8603 4963 2170 -1 9753 3366 9307 5609
1797 7624 8411 1902 -1 5548 6178 5940 3852 7830 3332 -1 4000 2335 6718 9737 3382 7115 1492 4982 8318 3520 1312 6747 3291 -1 5593 8594 7865 8927 6087 6386 6274 -1 4047 6451 5352 8016 1894 12 -1 2624 268 8547 -1 -1 9483 3114 272 1502 5499 -1 2789 -1 2295 5662 6563 9920 349 6383 5597 9235 3846 8417 6112 -1 5896 6053 7470 2977 1450 -1 2752 9987 3085 5929 916 3364 6214 772 7145 3470 2714 2381 6326 4490 632 4326 -1 7337 5263 2692 8612 4664 -1 1289 2983 2843 3511 4207
5137 -1 4153 -1 4054 5334 4643 -1 -1 1714 5024 6765 4774 -1 6414 8591 7113 9671 3266 2152 5359 4538 7970 200 3245 7055 1222 4061 2754 4640 -1 4061 6620 -1 -1 6190 6467 2440 -1 5849 -1 9712 -1 1358 8501 8443 5026 4624 7615 -1 9694 6851 5950 1517 6828 7885 1352 8629 8161 4741 3684 6409 43 -1 477 4841 9021 2254 4901 1399 5031 7524 2409 1588 7186 5736 4607 7195 1203 9091 1352 9580 -1 1545 420 5764 7195 -1 -1 7884 -1 8318 5146 -1 323 9047 9115 3759 4679 6648
3499 1619 2901 -1 7612 4558 974 7231 7450 3157 2683 9889 3641 670 8738 9730 -1 1572 1572 -1 5367 4748 -1 7499 8012 7108 4183 7422 -1 1101 -1 3363 5248 1937 2829 7102 1243 2817 4929 3284 7074 252 1733 -1 6652 1182 -1 9173 3391 1679 -1 -1 198 9568 2593 7723 3087 486 8245 -1 2585 16 6581 6481 7165 2125 3553 6875 3858 2257 335 2610 2466 2023 7094 8791 369 9155 5274 -1 6229 4713 9796 1702 -1 5233 287 5360 7104 3234 3079 51 5363 9725 5107 3561 8540 2788 8694 5035
2314 9979 8890 4396 2787 -1 5649 2886 642 7370 8741 8438 -1 2986 -1 4636 -1 8072 6346 7676 9103 819 5120 9410 4396 9824 -1 -1 4964 8460 8880 3783 7348 4645 3065 7456 7578 9907 9054 -1 4756 3051 4460 4824 -1 9997 -1 -1 -1 2341 7473 1364 9989 -1 7444 6058 9833 6663 1165 2108 8316 8817 2026 9071 9668 651 8157 4727 31 1710 -1 6138 -1 5782 3624 5988 366 2027 2647 -1 1779 7189 4395 6663 8409 2225 9112 1180 9658 1515 7128 5034 2484 2770 8668 2404 -1 -1 6304 4733
5342 4706 425 7855 7240 9573 3302 6661 -1 8108 6803 -1 3562 973 5753 5727 4925 17 4142 3612 3894 5001 1643 3158 5815 74 9678 5427 2366 8910 2123 9955 9128 3158 2367 2090 2253 7250 8564 584 7950 7861 668 5560 2632 1440 -1 4802 8439 3952 9885 5411 1293 -1 8726 6432 594 5517 5515 5017 195 6083 4328 8411 7343 5210 3428 3654 4531 7780 3137 8922 8401 1109 2133 843 2893 6851 582 -1 3295 9841 2496 7223 8143 5572 7226 2968 2494 4813 -1 9004 1298 -1 7242 796 387 85 7417 8390
2744 6250 1352 498 6938 459 4158 9147 -1 3982 5900 -1 9046 6660 2002 8831 2508 69 -1 5661 5314 1228 2398 429 1564 3316 1336 3386 429 4479 -1 -1 4511 3636 7703 9030 3505 1660 349 9996 2847 6367 8329 6916 4634 6495 4138 1276 8358 3671 3607 5294 7372 9311 8107 523 3370 8614 4217 3123 3834 7540 7966 8772 6644 3486 2592 3641 -1 6597 7262 4409 2331 3109 9670 -1 1364 533 1847 8273 5432 -1 7148 8859 -1 2570 6268 6318 3661 2918 4487 5978 9686 3164 1384 3680 5854 9045 2661 8270
3050 1112 5309 6218 5190 -1 3562 8628 5588 9131 4522 2009 932 5607 50 5576 5131 2004 5225 -1 -1 2969 8050 5808 1564 7081 74 -1 6315 6016 908 6939 6941 -1 5121 -1 2929 3664 -1 4933 7633 -1 4210 434 1517 9341 -1 3865 -1 4722 1890 3290 4160 2363 8801 4911 2179 4696 7933 -1 -1 8834 5701 122 3875 9108 -1 5690 3441 5600 9283 2553 1126 4140 2052 774 7735 -1 -1 4940 324 164 -1 7791 6857 4711 6076 9727 9432 3448 -1 3507 1003 2140 5691 9381 9670 1425 -1 8995
6251 8971 4732 4011 1015 9298 4440 7190 5704 8481 3111 495 1416 2959 8995 1479 7568 6876 3726 5408 543 -1 9919 522 5720 5859 2134 605 -1 2906 6244 7165 7315 7793 2941 6892 9826 4001 8584 6261 2509 5243 4253 910 6615 1733 9411 3712 3194 3203 7397 7296 4113 9996 6484 3207 1207 6480 9385 3937 2337 4702 5685 9440 6858 8110 3571 247 2483 8859 8637 6146 8896 -1 6062 6276 -1 -1 3881 2985 1900 7431 5507 3224 8744 3803 4979 -1 2822 -1 3002 4640 4404 4210 1965 -1 4213 6678 -1 4752
8640 357 6850 344 3036 -1 8137 4197 9584 5396 2872 -1 8068 5716 7850 -1 -1 4746 5418 2355 -1 1190 322 7032 4879 1474 8460 -1 5249 5472 7438 3609 5692 6886 6311 -1 6858 747 2110 6373 7383 3160 2298 4200 2738 378 4610 -1 1606 5743 -1 6702 -1 7920 2946 108 -1 5103 4152 486 -1 -1 3904 8069 9810 5236 3128 6025 3398 -1 3121 -1 108 2273 3127 3946 7810 -1 3179 8527 6639 3607 588 9355 7272 2533 -1 -1 2907 4169 3422 6731 2065 2360 1996 8615 4310 5699 6118 965
4915 8041 -1 7792 9699 6795 7366 -1 3401 1856 7283 2953 -1 3396 936 2006 -1 -1 1705 5776 5667 7897 6042 -1 -1 4058 708 7978 2891 6680 1230 7380 5680 -1 6870 -1 5573 3726 9107 1803 7338 9730 4774 2972 -1 9022 6233 638 1266 5510 3079 -1 8771 -1 5591 9870 5075 4150 5729 5338 8428 5249 -1 4742 8386 -1 1977 9372 9167 7826 9210 3954 -1 230 1131 -1 137 -1 1551 3068 405 848 7963 4557 9364 2846 -1 1901 2238 6373 1629 9286 7857 1936 3169 7964 507 4881 4350 -1
8353 4274 6660 1992 9669 6771 9829 4985 -1 9433 -1 -1 9923 7179 7424 8091 1237 6407 8720 -1 7927 3379 3824 6542 4186 8323 4240 6693 -1 2845 8022 152 4977 9873 3861 980 4516 1063 -1 5083 5932 7575 1152 7949 7477 1456 -1 4127 -1 -1 3082 522 8190 3236 -1 5302 5216 4997 457 -1 7245 3288 1708 5757 987 7521 -1 1839 6704 6686 916 9178 2570 6671 8504 6815 7770 8939 7584 1750 4925 7625 6278 2537 -1 2683 6640 4989 8155 9884 1514 -1 8279 8622 6562 2542 9822 8848 1372 1789
2399 -1 1342 7111 -1 4306 -1 4829 -1 1324 5115 9088 4586 -1 1623 -1 8966 3956 -1 6113 801 7123 9244 6393 3067 4900 -1 3350 7655 8620 5347 209 4680 1884 2827 2594 -1 7711 2402 1685 5850 9912 6415 2278 210 5848 5169 1685 7399 6767 5141 3705 6918 -1 -1 4622 9632 4115 4816 6960 8397 3420 3769 1131 4951 454 6507 7841 6345 6966 3656 -1 5400 1712 7033 1523 -1 3743 3175 8452 3936 1457 2572 -1 5152 5348 4709 3533 9263 9907 3719 9500 6790 15 8528 3963 6051 2637 9988 6033
1261 3808 -1 4377 4446 2924 8727 9390 4206 40 1151 7101 4992 8425 8083 4841 7418 9253 1372 9548 7584 5232 5385 7168 1733 4790 5757 -1 671 5789 1990 82 -1 9169 4493 -1 5894 4913 9665 8119 -1 6081 2706 5102 -1 -1 -1 577 -1 4088 2031 1860 -1 -1 8625 9999 8085 3940 4590 881 5332 8262 4541 2004 3364 9702 3828 185 -1 2132 8656 9328 5444 5827 2773 4039 9680 8548 9053 8718 6761 9850 9994 6563 5719 5458 1044 3365 -1 2314 -1 -1 5056 -1 -1 127 5015 7876 3041 7816
1467 6252 90 6450 9762 -1 1307 8854 -1 7766 1343 6006 6453 -1 4975 2101 7221 -1 7562 6333 6020 1531 -1 5271 9577 -1 292 4196 9832 7036 2149 9968 9230 1828 -1 4670 6628 -1 9799 7726 3409 9469 6633 -1 1738 4215 6757 -1 5784 -1 691 4297 3230 4105 -1 -1 7926 6588 1203 -1 8611 4235 3162 1336 9610 -1 4269 1258 3536 7153 1614 8800 4131 7913 -1 6861 -1 66 -1 68 7878 6349 448 8905 7271 8585 4514 8224 -1 3804 2630 4565 4400 -1 1118 -1 9646 7258 4002 7633
3665 1281 -1 8864 1935 598 -1 8593 7369 381 1620 3877 1935 2828 3348 7304 1026 8561 -1 3201 6598 8140 7500 -1 2091 6718 1459 3035 1208 -1 260 6366 7582 7146 8035 3219 7992 9968 8652 1233 6845 94 -1 7780 -1 -1 3819 4132 7579 7666 1835 1415 4356 -1 -1 4990 7502 7634 9968 2941 2292 7930 447 -1 -1 8313 9648 78 2911 272 697 3862 6347 5659 4137 4713 4282 498 4305 848 3488 -1 2707 4132 -1 -1 1903 -1 -1 1111 8776 8899 3180 6775 -1 3288 2691 6262 1262 6748
3167 2199 5930 -1 4550 4645 3638 4004 -1 2672 5378 593 -1 1019 3873 -1 7435 5778 2027 4699 3829 3550 9534 5507 2803 -1 -1 3948 213 7207 1688 3895 668 2197 6569 9056 1847 9200 8777 1422 -1 5629 4129 -1 1589 3519 2060 2634 9400 -1 -1 4772 9762 8379 -1 -1 3549 9631 6752 2563 3650 5962 4679 -1 1670 2664 3094 -1 5572 6624 6889 -1 4112 -1 -1 4811 2778 1445 415 5150 7560 8420 5830 1162 4143 -1 6592 -1 3206 -1 4344 9612 8244 3194 -1 7123 -1 6415 7638 3273
4410 5162 1958 -1 4185 3216 5610 7893 723 4820 4865 2313 8669 89 -1 5782 5713 3591 6395 7818 6019 4392 -1 1415 259 5737 8479 4273 1720 -1 2146 9833 2373 8240 -1 7294 9745 5034 1782 6764 9168 -1 2035 8851 -1 70 7413 9642 4673 9634 6729 5137 -1 5334 2942 2700 4039 3783 4511 4044 6418 -1 5125 -1 6648 7695 8544 1761 6256 9194 9193 1914 6730 6417 731 8408 6047 8363 -1 5229 2373 9590 1461 6514 -1 -1 9803 3148 4052 717 -1 7754 6349 9864 1758 5075 3929 -1 7420 3675
-1 4810 1680 4238 758 6236 5042 2665 5106 8715 3684 3282 5358 3559 8668 2919 8746 8197 590 8422 7755 -1 -1 5392 8410 -1 9752 -1 9302 -1 8219 9447 7316 1372 1599 1829 859 -1 9795 9484 103 -1 -1 1254 703 -1 8200 7294 9887 3413 9544 2762 -1 7652 5550 1291 8555 6025 7502 5463 7012 5314 8522 7437 -1 7769 5715 6545 9860 9712 1925 3100 -1 -1 6952 2249 -1 -1 9479 131 7128 2367 9954 3166 7657 4000 2251 -1 3597 -1 5142 7729 6828 4371 4903 2923 871 9166 5576 2767
8298 2844 2778 -1 9899 3079 6898 3204 1549 1783 1121 4856 8203 -1 480 -1 -1 5338 7422 689 8283 7185 914 5253 145 8621 5095 -1 1614 4909 -1 7089 5743 302 -1 3212 8483 4941 2492 3571 6020 4756 -1 -1 7010 7159 8943 4910 1451 9268 1892 -1 4545 -1 7531 8264 1451 7121 6033 -1 5917 4623 8393 7012 -1 3109 -1 2040 1914 3320 9465 4043 2864 4479 9762 -1 905 9395 977 1134 7355 2837 6037 234 -1 1922 9372 6809 2151 6144 6905 3712 4967 8811 -1 6296 7324 4866 9540 425
2722 4562 8233 8789 4436 5816 906 5362 1178 6440 7961 9555 1677 2142 7381 7924 6765 -1 -1 6936 5323 -1 3724 485 8699 -1 6642 4892 2783 2453 2708 346 1172 59 7336 4885 6290 3244 987 1608 7155 1657 7267 9504 2415 2720 2253 2933 4266 9070 -1 7603 8566 3650 2410 2554 2386 386 5610 -1 8051 2010 4526 2838 -1 2943 6470 4732 616 6553 3337 5542 -1 4540 3062 6651 5275 -1 9704 6520 1423 5234 -1 -1 3534 124 8410 5441 6250 9144 7857 -1 1011 -1 3638 -1 -1 9105 3984 -1
9731 3122 1564 1231 6046 2673 1307 -1 9405 405 1709 6974 8450 6675 1567 2309 791 -1 7744 237 3538 8824 -1 -1 294 3025 3354 -1 4691 1798 3829 6964 4917 9288 4430 5106 8318 6679 4717 3777 9008 5495 1493 5092 4898 3185 3327 -1 -1 -1 8422 7031 5648 3969 8001 2815 2228 7596 217 5442 3619 5527 9021 1715 1930 2615 -1 348 6190 -1 1987 7588 533 5589 1316 -1 3049 7059 2642 940 7649 3983 -1 2230 5613 2710 2222 -1 4796 8164 9153 -1 4064 1920 5245 8373 -1 2476 9421 3040
4866 146 -1 7175 9369 -1 1088 14 -1 4910 5204 -1 8080 3575 9653 6206 1663 6376 3714 -1 -1 9734 4193 -1 3907 5120 5174 6356 -1 3376 -1 6360 5950 -1 5772 -1 9605 1704 4977 7305 3767 9691 5536 4738 3270 5746 -1 -1 985 7513 2862 3664 8764 8891 4106 9150 2338 9018 4398 2923 2258 1425 3847 7140 4650 3928 205 8377 -1 10 2510 6308 744 827 1787 -1 885 9850 2386 1114 6862 8847 3029 6929 3612 8158 1173 3122 8384 1166 8919 -1 2322 -1 5996 3642 6591 8440 8412 7402
7562 9411 8144 7096 2047 3756 7236 5957 -1 -1 1021 9629 5916 7474 -1 4114 -1 2550 -1 6801 4070 697 3988 -1 1592 1913 4414 8573 1031 3935 6456 7664 2399 -1 5315 7767 -1 3623 -1 -1 -1 9950 6930 5055 3233 8467 9488 9308 9095 -1 -1 1754 4005 9133 2008 -1 3019 2512 2713 2096 -1 174 5980 3116 4618 -1 6783 7420 5487 -1 3391 3134 9465 -1 5918 9245 605 6568 304 7669 6112 2266 7637 984 1836 192 2382 -1 2620 2853 201 8849 9032 3593 8208 643 -1 7406 -1 4892
4379 9622 7078 366 7922 7440 7940 4711 490 -1 137 4074 3732 4879 4175 3695 1012 9680 7052 2950 -1 3163 2082 2916 1908 6986 -1 5899 4898 8418 6951 9758 5234 9129 5661 3047 9402 2590 7175 3931 9892 7986 -1 3073 196 8570 -1 2363 -1 8742 9345 1515 1988 765 2921 -1 5985 5270 1590 5339 4262 5051 -1 -1 584 -1 -1 2397 7660 5940 7128 1326 5015 39 7152 153 3058 9830 608 9402 -1 9362 6641 -1 8576 128 6277 -1 9609 3650 2280 5037 6022 5830 6914 4403 -1 4053 3614 4509
5802 8505 3298 1581 7186 3116 -1 843 3708 4189 9252 2188 -1 6845 9423 -1 -1 4190 2045 -1 713 6241 1764 7896 7374 -1 5530 1445 1434 375 9925 -1 2657 7457 -1 4925 7325 -1 8570 2738 1713 4725 7947 3188 2088 6530 2855 6692 8019 8442 1720 4739 6217 3392 6658 6532 8055 -1 699 6173 5084 3472 6652 8357 5329 8511 516 -1 -1 4281 -1 2814 688 8693 -1 2075 3686 3465 6878 4787 5024 5881 921 9442 6282 -1 4496 6096 8439 -1 -1 9269 4663 9469 3784 8645 1703 9603 52 988
2010 -1 2736 -1 7616 146 8384 3123 2914 9478 670 946 5254 5418 5851 472 1136 412 5664 5753 9919 700 6746 7771 3633 8769 3424 6540 -1 7421 9115 6639 -1 4707 5723 5872 252 5612 2699 9203 3669 4044 1683 -1 5784 7567 4337 1656 4716 3756 4715 6457 2510 552 1188 7325 2551 -1 3735 6602 -1 466 1544 6201 6969 -1 6669 3960 7174 4862 5154 5119 7413 8055 5767 3780 4174 5120 3862 4493 5597 -1 865 2508 1956 648 9368 9110 9223 6994 -1 8950 -1 7545 5399 4942 -1 3617 4320 7615
319 7187 -1 -1 9159 2742 6459 9149 6541 2310 -1 7125 5315 8734 6431 9007 766 -1 7369 3528 3278 1098 8315 7955 8891 2354 7681 9376 2594 931 -1 -1 -1 5848 -1 9993 7069 1727 8966 898 2598 3065 8369 4167 7947 7311 1207 9589 7482 3433 344 7971 5951 7142 9202 8942 5508 3823 8160 7863 273 8247 7928 4869 301 3193 3400 -1 7649 569 6622 7373 -1 4846 514 -1 6366 5332 862 7789 587 141 69 6506 4214 2131 9850 6111 3135 3683 -1 7428 -1 7149 7705 -1 1729 9713 3798 8162
5537 6546 1383 4641 7388 5899 7584 -1 7621 8186 224 8138 3356 3277 6333 7267 -1 -1 10000 45 9935 3613 9733 -1 -1 890 6473 -1 1860 6353 975 -1 9475 9819 7131 4894 9428 5901 4896 -1 2961 -1 4853 1466 7951 4337 6518 1250 3160 7306 -1 9387 5686 5555 428 8510 2974 8148 716 9308 6156 1837 23 -1 4069 1303 -1 3673 3343 7777 -1 9390 1687 5801 5828 -1 6539 4201 7499 9029 8130 6563 1794 8772 -1 3373 5108 7503 4842 2873 9361 3091 -1 -1 8070 4717 -1 7298 2238 4830
2634 2056 1260 2339 2631 -1 6287 8807 7071 1568 107 1551 4984 1457 5985 8332 -1 5759 4331 2118 4144 6448 7176 6935 5273 3918 5988 9681 5798 5526 9971 9336 -1 1391 1793 2936 3907 2195 9763 3927 -1 2342 -1 -1 6204 4750 -1 -1 1878 7946 1840 6913 1708 3094 8979 5169 1729 9288 2987 6789 -1 6226 9757 929 6130 2743 4226 9493 -1 8397 1798 2084 7695 7890 467 4681 5852 7902 4404 4751 5415 898 2606 1998 3524 9947 9351 8060 92 4273 4432 6225 -1 7725 9332 7653 7132 2136 3320 -1
3043 4855 6726 8205 5031 3058 -1 857 4867 3181 -1 6872 3473 -1 8757 8589 7758 4492 -1 3349 2336 -1 -1 7843 6758 2908 3268 7707 -1 -1 5809 -1 3552 -1 7156 -1 3602 5273 5200 9098 5714 1176 5395 6490 -1 8966 566 2045 5248 531 1746 -1 574 6284 5691 -1 1262 3784 5777 9210 -1 -1 5739 8005 9477 2621 9933 1572 1381 -1 5581 6214 1509 7984 701 2621 9384 9893 9698 5396 5182 5158 -1 4192 1128 3614 1229 -1 -1 2702 4556 6923 241 4766 8766 5508 9529 179 6826 9369
5668 2817 3779 9758 2949 3353 2906 498 -1 -1 90 4457 1495 4869 4370 5623 8828 9914 2682 8408 5046 -1 4874 5777 -1 5391 -1 -1 -1 334 5094 9875 269 -1 5347 6871 -1 7408 4875 988 3329 5323 5801 7843 3299 9802 5080 3681 5880 -1 7312 3379 6267 6625 4513 8961 782 1567 7935 1665 -1 586 6808 4122 4244 2669 5706 7111 7506 1250 3631 2370 6124 1775 6962 8183 9329 7214 2388 214 812 5141 5869 4968 3348 767 3005 8439 441 6475 -1 8485 -1 8255 4267 3607 355 8891 3167 153
3916 7794 3555 2224 48 6491 7070 7282 4873 3135 99 998 8777 2798 4706 5340 5406 4415 4565 1067 1379 4197 3431 1889 4832 6734 4603 7720 2075 4105 9813 -1 6117 1556 97 9197 9800 -1 -1 6396 2949 2405 5372 -1 9709 4008 9855 -1 6348 1862 2264 6280 8518 2136 9495 -1 9023 -1 5553 8835 5118 3044 5786 9298 3194 8878 6100 6550 8833 -1 3742 5949 9274 7402 4676 6060 9607 7914 7019 7584 6030 8786 8688 8558 3176 -1 5604 3192 2225 205 396 8056 9420 1927 9470 220 8718 3999 -1 95
6845 6882 6630 9218 8072 74 4964 1652 8807 -1 9086 5415 3195 1417 5574 7237 6541 119 -1 7414 -1 619 2999 5698 -1 8671 969 7596 5949 -1 6084 8970 539 5041 -1 5582 1601 4729 3434 -1 -1 1100 -1 1584 1830 -1 6944 3155 5151 7859 9707 4820 7459 6578 2126 1867 1166 4245 8507 2399 6431 104 6565 4593 4479 3806 854 1343 6123 -1 4988 9733 -1 1726 -1 1832 462 6601 -1 7047 3336 8616 5137 5337 832 5923 2939 8127 8759 8099 7451 5172 350 8012 9458 8760 7119 4075 6910 6614
1736 6409 5208 9639 1962 2659 1672 8666 3355 4630 874 695 6326 6911 2017 711 1663 699 5020 5627 -1 3253 2896 2015 6139 6011 7789 2726 6481 875 6280 555 6570 467 6366 2843 -1 2709 6884 3592 140 2727 5989 5422 6138 -1 43 8364 4476 5620 9781 -1 5249 1336 21 2157 7450 1393 3117 5362 7164 7722 7100 972 8603 6229 1871 8356 -1 7246 8764 -1 2559 9535 -1 7014 3029 6985 -1 -1 1634 2858 3557 2379 3938 -1 4094 4716 8672 -1 1317 2285 3213 3572 4975 5018 5222 7922 1986 4026
539 -1 6578 3567 561 4897 -1 -1 2269 1784 4148 993 3183 4653 6957 3327 6676 -1 4551 7387 1274 1451 -1 -1 9164 3714 -1 6093 -1 8920 4896 6372 2547 9084 9831 1266 3239 3662 2517 1992 -1 2199 5747 -1 3772 372 -1 594 5989 8964 4437 5194 6375 3187 3517 5773 7496 -1 715 5950 -1 6864 7881 9489 -1 7438 1102 9369 5620 -1 -1 -1 2028 1045 4315 8088 5613 6659 400 9698 7511 -1 8321 9646 -1 1347 8043 3396 6432 5466 342 960 1386 353 1756 -1 -1 -1 7082 -1
9511 9018 -1 1189 2501 5412 5923 5692 4877 2037 420 1852 3491 8939 957 1688 -1 7804 2393 3836 -1 8892 -1 671 2605 1658 -1 6991 7859 8436 -1 -1 6918 1152 8842 9200 3846 -1 1197 7358 7954 9306 7602 9074 971 9690 -1 6107 8489 -1 5026 -1 -1 579 2787 1009 -1 8678 1621 7680 3677 642 9254 -1 2035 7107 9689 2124 665 7462 3575 8459 3737 6164 -1 1615 4638 2021 3283 6701 7263 288 1515 532 3004 6958 -1 4619 7528 -1 4110 2222 4586 1894 188 8724 4948 7987 1437 6944
-1 2111 8257 1879 4127 1168 1421 3408 2416 3494 6685 9953 8501 7002 6498 3393 3900 4134 -1 3800 8321 4536 2559 -1 4577 9514 2659 3660 -1 4299 8946 4682 9787 2189 -1 4014 8745 5975 8394 9246 1937 8498 1664 210 4092 -1 1068 5080 771 359 -1 9538 6975 -1 2924 7753 9284 -1 9544 4252 -1 4940 6420 2436 4794 2314 4726 8641 261 -1 4407 1873 8228 5320 4093 8907 3021 2824 8068 1217 5167 7755 1199 4430 1754 915 6523 1124 7489 -1 1783 3031 2851 4961 7666 761 1286 8867 9099 6051
4059 -1 -1 -1 -1 6339 2980 8531 6551 3873 9742 -1 -1 -1 8194 2268 1747 7387 133 5995 6291 1582 7474 7856 3189 3313 1362 8494 1268 9379 -1 305 47 9843 1621 2256 -1 -1 4576 2066 -1 2629 3163 6744 9674 3515 -1 6105 5888 8838 -1 2228 6355 9669 7291 9927 6668 7598 5186 5784 -1 8004 -1 7876 9412 9869 -1 3048 6431 -1 -1 5733 1455 9788 7420 -1 1146 4475 2406 5927 1157 7188 5393 4 9230 -1 2704 -1 6813 8820 -1 3155 754 1806 9715 5596 3140 7188 1626 8058
7381 9259 9304 2437 3008 -1 7615 2294 2588 1730 9470 7617 8926 8176 3667 440 2991 3848 6105 6039 5814 7995 2618 3781 -1 -1 -1 6500 553 8434 -1 6585 4246 8219 5332 2600 -1 635 9199 9944 4655 2322 2980 7485 3060 9222 -1 4612 9250 1009 6189 -1 8122 5745 -1 9859 2800 7648 -1 8417 1875 9445 5677 8652 8256 1660 3162 8741 5290 6698 -1 -1 2573 3306 8910 4771 -1 5555 3582 1930 1262 -1 7579 2933 -1 8073 5497 -1 4498 4935 6746 8559 6099 8271 80 44 85 3782 -1 -1
