2
20
10
-1 5076 -1 -1 6068 8539 -1 -1 9998 -1
-1 -1 -1 -1 -1 7367 -1 6646 -1 -1
-1 4501 7371 -1 -1 -1 -1 8052 -1 -1
-1 -1 3945 -1 -1 -1 -1 -1 -1 -1
-1 -1 -1 811 -1 7953 -1 -1 -1 4616
-1 -1 -1 -1 -1 -1 -1 -1 8169 -1
1444 6814 7749 -1 2613 -1 -1 -1 8253 2833
-1 -1 1739 5511 -1 -1 1101 1577 -1 -1
-1 -1 -1 7356 2540 4769 -1 -1 -1 -1
-1 -1 5949 1183 -1 -1 2101 -1 -1 -1
-1 -1 8418 -1 7348 -1 -1 -1 7413 -1
7978 -1 -1 -1 1347 -1 -1 3174 3954 -1
-1 -1 3099 -1 -1 -1 -1 6579 2690 -1
2360 -1 1883 -1 -1 4078 -1 -1 -1 -1
-1 -1 -1 7105 4410 -1 -1 -1 4963 5843
-1 -1 -1 -1 7422 -1 5370 -1 -1 -1
-1 -1 -1 -1 -1 350 764 -1 -1 -1
-1 -1 -1 -1 -1 9184 -1 -1 5678 -1
8629 -1 4537 -1 9117 -1 -1 -1 -1 -1
-1 8 -1 -1 -1 8527 7151 220 -1 -1
